Supplemental results for CODEML (seqf: aligned.fas  treef: AT2G47890_AT2G47890.1_Athaliana_Araport11.treefile)

I	J	ij	2Ns_IJ	pMut_IJ	pSub_IJ	2Ns_JI	pMut_JI	pSub_JI

TTC	TTT	CT	0.13628	0.01422	0.01522	-0.13628	0.01630	0.01522	0.01522	0.01522
TTA	TTT	AT	1.80562	0.00537	0.01159	-1.80562	0.03264	0.01159	0.00580	0.00580
TTA	TTC	AC	1.66934	0.00461	0.00948	-1.66934	0.02448	0.00948	0.00474	0.00474
TTG	TTT	GT	-0.39394	0.02414	0.01970	0.39394	0.01628	0.01970	0.00985	0.00985
TTG	TTC	GC	-0.53022	0.02075	0.01573	0.53022	0.01221	0.01573	0.00787	0.00787
TTG	TTA	GA	-2.19955	0.05769	0.01582	2.19955	0.00640	0.01582	0.01582	0.01582
TCT	TTT	CT	-0.30555	0.02213	0.01892	0.30555	0.01630	0.01892	0.00946	0.00946
TCC	TTC	CT	-0.99870	0.03319	0.01933	0.99870	0.01223	0.01933	0.00967	0.00967
TCC	TCT	CT	-0.55687	0.03319	0.02480	0.55687	0.01902	0.02480	0.02480	0.02480
TCA	TTA	CT	-0.96233	0.01422	0.00846	0.96233	0.00543	0.00846	0.00423	0.00423
TCA	TCT	AT	1.14884	0.01207	0.02031	-1.14884	0.03808	0.02031	0.02031	0.02031
TCA	TCC	AC	1.70571	0.01038	0.02163	-1.70571	0.05712	0.02163	0.02163	0.02163
TCG	TTG	CT	-0.25676	0.03161	0.02773	0.25676	0.02445	0.02773	0.01386	0.01386
TCG	TCT	GT	-0.34515	0.02683	0.02246	0.34515	0.01900	0.02246	0.02246	0.02246
TCG	TCC	GC	0.21172	0.02306	0.02558	-0.21172	0.02849	0.02558	0.02558	0.02558
TCG	TCA	GA	-1.49398	0.06410	0.02772	1.49398	0.01439	0.02772	0.02772	0.02772
TAT	TTT	AT	2.09330	0.00402	0.00961	-2.09330	0.03264	0.00961	0.00480	0.00480
TAT	TCT	AC	2.39885	0.00346	0.00913	-2.39885	0.03808	0.00913	0.00456	0.00456
TAC	TTC	AT	1.51794	0.00537	0.01043	-1.51794	0.02448	0.01043	0.00521	0.00521
TAC	TCC	AC	2.51664	0.00461	0.01262	-2.51664	0.05712	0.01262	0.00631	0.00631
TAC	TAT	CT	-0.43908	0.00632	0.00504	0.43908	0.00408	0.00504	0.00504	0.00504
TGT	TTT	GT	-0.68162	0.03219	0.02246	0.68162	0.01628	0.02246	0.01123	0.01123
TGT	TCT	GC	-0.37606	0.02767	0.02279	0.37606	0.01900	0.02279	0.01140	0.01140
TGT	TAT	GA	-2.77492	0.07692	0.01419	2.77492	0.00480	0.01419	0.00710	0.00710
TGC	TTC	GT	-1.37477	0.04829	0.02247	1.37477	0.01221	0.02247	0.01124	0.01124
TGC	TCC	GC	-0.37606	0.04150	0.03419	0.37606	0.02849	0.03419	0.01709	0.01709
TGC	TAC	GA	-2.89270	0.11538	0.01959	2.89270	0.00640	0.01959	0.00979	0.00979
TGC	TGT	CT	-0.55687	0.05690	0.04252	0.55687	0.03260	0.04252	0.04252	0.04252
TGG	TTG	GT	0.12931	0.02146	0.02288	-0.12931	0.02442	0.02288	0.01144	0.01144
TGG	TCG	GC	0.38608	0.01845	0.02223	-0.38608	0.02714	0.02223	0.01112	0.01112
TGG	TGT	GT	0.41699	0.02146	0.02625	-0.41699	0.03256	0.02625	0.01312	0.01312
TGG	TGC	GC	0.97386	0.01845	0.02886	-0.97386	0.04885	0.02886	0.01443	0.01443
CTT	TTT	CT	-0.37455	0.02371	0.01954	0.37455	0.01630	0.01954	0.00977	0.00977
CTC	TTC	CT	-0.51913	0.02055	0.01567	0.51913	0.01223	0.01567	0.00784	0.00784
CTC	CTT	CT	-0.00830	0.02055	0.02046	0.00830	0.02038	0.02046	0.02046	0.02046
CTA	TTA	CT	0.13628	0.00474	0.00507	-0.13628	0.00543	0.00507	0.00507	0.00507
CTA	CTT	AT	2.31644	0.00402	0.01034	-2.31644	0.04080	0.01034	0.01034	0.01034
CTA	CTC	AC	2.32475	0.00346	0.00891	-2.32475	0.03536	0.00891	0.00891	0.00891
CTG	TTG	CT	1.12953	0.00790	0.01319	-1.12953	0.02445	0.01319	0.01319	0.01319
CTG	CTT	GT	1.11014	0.00671	0.01110	-1.11014	0.02035	0.01110	0.01110	0.01110
CTG	CTC	GC	1.11844	0.00576	0.00958	-1.11844	0.01764	0.00958	0.00958	0.00958
CTG	CTA	GA	-1.20630	0.01603	0.00826	1.20630	0.00480	0.00826	0.00826	0.00826
CCT	TCT	CT	0.54174	0.01106	0.01433	-0.54174	0.01902	0.01433	0.00716	0.00716
CCT	CTT	CT	0.61074	0.01106	0.01478	-0.61074	0.02038	0.01478	0.00739	0.00739
CCC	TCC	CT	1.79451	0.00474	0.01020	-1.79451	0.02853	0.01020	0.00510	0.00510
CCC	CTC	CT	1.31493	0.00474	0.00852	-1.31493	0.01766	0.00852	0.00426	0.00426
CCC	CCT	CT	0.69589	0.00474	0.00658	-0.69589	0.00951	0.00658	0.00658	0.00658
CCA	TCA	CT	-0.03362	0.01264	0.01243	0.03362	0.01223	0.01243	0.00622	0.00622
CCA	CTA	CT	-1.13223	0.01264	0.00681	1.13223	0.00408	0.00681	0.00340	0.00340
CCA	CCT	AT	0.57347	0.01073	0.01410	-0.57347	0.01904	0.01410	0.01410	0.01410
CCA	CCC	AC	-0.12242	0.00922	0.00867	0.12242	0.00816	0.00867	0.00867	0.00867
CCG	TCG	CT	1.45804	0.00632	0.01201	-1.45804	0.02717	0.01201	0.00601	0.00601
CCG	CTG	CT	0.07174	0.00632	0.00655	-0.07174	0.00679	0.00655	0.00328	0.00328
CCG	CCT	GT	0.57115	0.00537	0.00704	-0.57115	0.00950	0.00704	0.00704	0.00704
CCG	CCC	GC	-0.12475	0.00461	0.00433	0.12475	0.00407	0.00433	0.00433	0.00433
CCG	CCA	GA	-0.00233	0.01282	0.01281	0.00233	0.01279	0.01281	0.01281	0.01281
CAT	TAT	CT	-1.53770	0.01897	0.00798	1.53770	0.00408	0.00798	0.00399	0.00399
CAT	CTT	AT	0.93015	0.01610	0.02473	-0.93015	0.04080	0.02473	0.01236	0.01236
CAT	CCT	AC	0.31941	0.01383	0.01616	-0.31941	0.01904	0.01616	0.00808	0.00808
CAC	TAC	CT	-1.80963	0.03319	0.01176	1.80963	0.00543	0.01176	0.00588	0.00588
CAC	CTC	AT	0.22743	0.02817	0.03149	-0.22743	0.03536	0.03149	0.01575	0.01575
CAC	CCC	AC	-1.08750	0.02421	0.01339	1.08750	0.00816	0.01339	0.00669	0.00669
CAC	CAT	CT	-0.71102	0.03319	0.02278	0.71102	0.01630	0.02278	0.02278	0.02278
CAA	CTA	AT	-0.27382	0.01073	0.00933	0.27382	0.00816	0.00933	0.00466	0.00466
CAA	CCA	AC	0.85841	0.00922	0.01374	-0.85841	0.02176	0.01374	0.00687	0.00687
CAA	CAT	AT	1.11247	0.01073	0.01778	-1.11247	0.03264	0.01778	0.00889	0.00889
CAA	CAC	AC	1.82349	0.00922	0.02006	-1.82349	0.05712	0.02006	0.01003	0.01003
CAG	CTG	AT	0.01386	0.01341	0.01351	-0.01386	0.01360	0.01351	0.00675	0.00675
CAG	CCG	AC	-0.05788	0.01153	0.01120	0.05788	0.01088	0.01120	0.00560	0.00560
CAG	CAT	GT	0.19385	0.01341	0.01476	-0.19385	0.01628	0.01476	0.00738	0.00738
CAG	CAC	GC	0.90487	0.01153	0.01752	-0.90487	0.02849	0.01752	0.00876	0.00876
CAG	CAA	GA	-0.91862	0.03205	0.01955	0.91862	0.01279	0.01955	0.01955	0.01955
CGT	TGT	CT	0.19344	0.02687	0.02955	-0.19344	0.03260	0.02955	0.01478	0.01478
CGT	CTT	GT	-0.11363	0.02280	0.02153	0.11363	0.02035	0.02153	0.01077	0.01077
CGT	CCT	GC	-0.72437	0.01960	0.01335	0.72437	0.00950	0.01335	0.00667	0.00667
CGT	CAT	GA	-1.04378	0.05449	0.03091	1.04378	0.01919	0.03091	0.01545	0.01545
CGC	TGC	CT	1.03422	0.01739	0.02790	-1.03422	0.04890	0.02790	0.01395	0.01395
CGC	CTC	GT	0.17858	0.01475	0.01611	-0.17858	0.01764	0.01611	0.00806	0.00806
CGC	CCC	GC	-1.13635	0.01268	0.00681	1.13635	0.00407	0.00681	0.00341	0.00341
CGC	CAC	GA	-0.04885	0.03526	0.03440	0.04885	0.03358	0.03440	0.01720	0.01720
CGC	CGT	CT	0.28392	0.01739	0.01997	-0.28392	0.02309	0.01997	0.01997	0.01997
CGA	CTA	GT	-0.27615	0.00537	0.00466	0.27615	0.00407	0.00466	0.00233	0.00233
CGA	CCA	GC	0.85608	0.00461	0.00686	-0.85608	0.01085	0.00686	0.00343	0.00343
CGA	CAA	GA	-0.00233	0.01282	0.01281	0.00233	0.01279	0.01281	0.00640	0.00640
CGA	CGT	AT	2.15392	0.00537	0.01307	-2.15392	0.04624	0.01307	0.01307	0.01307
CGA	CGC	AC	1.87001	0.00461	0.01019	-1.87001	0.02992	0.01019	0.01019	0.01019
CGG	TGG	CT	0.82943	0.00948	0.01395	-0.82943	0.02173	0.01395	0.00698	0.00698
CGG	CTG	GT	-0.17079	0.00805	0.00738	0.17079	0.00678	0.00738	0.00369	0.00369
CGG	CCG	GC	-0.24253	0.00692	0.00611	0.24253	0.00543	0.00611	0.00306	0.00306
CGG	CAG	GA	-0.18465	0.01923	0.01751	0.18465	0.01599	0.01751	0.00875	0.00875
CGG	CGT	GT	1.05298	0.00805	0.01302	-1.05298	0.02307	0.01302	0.01302	0.01302
CGG	CGC	GC	0.76907	0.00692	0.00991	-0.76907	0.01493	0.00991	0.00991	0.00991
CGG	CGA	GA	-1.10094	0.01923	0.01055	1.10094	0.00640	0.01055	0.01055	0.01055
ATT	TTT	AT	3.19191	0.00134	0.00446	-3.19191	0.03264	0.00446	0.00223	0.00223
ATT	CTT	AC	3.56646	0.00115	0.00423	-3.56646	0.04080	0.00423	0.00212	0.00212
ATC	TTC	AT	0.70701	0.01207	0.01684	-0.70701	0.02448	0.01684	0.00842	0.00842
ATC	CTC	AC	1.22613	0.01038	0.01801	-1.22613	0.03536	0.01801	0.00900	0.00900
ATC	ATT	CT	-2.34863	0.01422	0.00353	2.34863	0.00136	0.00353	0.00353	0.00353
ATA	TTA	AT	9.30622	0.00000	0.00000	-9.30622	0.01088	0.00001	0.00000	0.00000
ATA	CTA	AC	9.16994	0.00000	0.00000	-9.16994	0.00816	0.00001	0.00000	0.00000
ATA	ATT	AT	7.91993	0.00000	0.00000	-7.91993	0.00272	0.00001	0.00000	0.00001
ATA	ATC	AC	10.26856	0.00000	0.00000	-10.26856	0.02448	0.00001	0.00000	0.00001
ATG	TTG	AT	1.03243	0.01744	0.02796	-1.03243	0.04896	0.02796	0.01398	0.01398
ATG	CTG	AC	-0.09710	0.01499	0.01427	0.09710	0.01360	0.01427	0.00714	0.00714
ATG	ATT	GT	-2.55342	0.01744	0.00376	2.55342	0.00136	0.00376	0.00188	0.00188
ATG	ATC	GC	-0.20479	0.01499	0.01350	0.20479	0.01221	0.01350	0.00675	0.00675
ATG	ATA	GA	-10.47335	0.04167	0.00001	10.47335	0.00000	0.00000	0.00001	0.00000
ACT	TCT	AT	1.26662	0.01073	0.01892	-1.26662	0.03808	0.01892	0.00946	0.00946
ACT	CCT	AC	0.72488	0.00922	0.01297	-0.72488	0.01904	0.01297	0.00648	0.00648
ACT	ATT	CT	-2.23084	0.01264	0.00340	2.23084	0.00136	0.00340	0.00170	0.00170
ACC	TCC	AT	2.36523	0.00537	0.01401	-2.36523	0.05712	0.01401	0.00700	0.00700
ACC	CCC	AC	0.57073	0.00461	0.00605	-0.57073	0.00816	0.00605	0.00303	0.00303
ACC	ATC	CT	0.65953	0.00632	0.00863	-0.65953	0.01223	0.00863	0.00432	0.00432
ACC	ACT	CT	0.54174	0.00632	0.00819	-0.54174	0.01087	0.00819	0.00819	0.00819
ACA	TCA	AT	1.29479	0.00671	0.01196	-1.29479	0.02448	0.01196	0.00598	0.00598
ACA	CCA	AC	1.32841	0.00576	0.01042	-1.32841	0.02176	0.01042	0.00521	0.00521
ACA	ATA	CT	-8.97376	0.00790	0.00001	8.97376	0.00000	0.00000	0.00000	0.00000
ACA	ACT	AT	1.17701	0.00671	0.01141	-1.17701	0.02176	0.01141	0.01141	0.01141
ACA	ACC	AC	0.63526	0.00576	0.00779	-0.63526	0.01088	0.00779	0.00779	0.00779
ACG	TCG	AT	0.70701	0.02683	0.03742	-0.70701	0.05440	0.03742	0.01871	0.01871
ACG	CCG	AC	-0.75103	0.02306	0.01547	0.75103	0.01088	0.01547	0.00774	0.00774
ACG	ATG	CT	-0.58219	0.03161	0.02330	0.58219	0.01766	0.02330	0.01165	0.01165
ACG	ACT	GT	-0.90476	0.02683	0.01650	0.90476	0.01085	0.01650	0.01650	0.01650
ACG	ACC	GC	-1.44651	0.02306	0.01027	1.44651	0.00543	0.01027	0.01027	0.01027
ACG	ACA	GA	-2.08177	0.06410	0.01901	2.08177	0.00799	0.01901	0.01901	0.01901
AAT	TAT	AT	-0.14029	0.00939	0.00875	0.14029	0.00816	0.00875	0.00437	0.00437
AAT	CAT	AC	1.39740	0.00807	0.01498	-1.39740	0.03264	0.01498	0.00749	0.00749
AAT	ATT	AT	-1.23890	0.00939	0.00474	1.23890	0.00272	0.00474	0.00237	0.00237
AAT	ACT	AC	0.99194	0.00807	0.01272	-0.99194	0.02176	0.01272	0.00636	0.00636
AAC	TAC	AT	-0.30460	0.01475	0.01262	0.30460	0.01088	0.01262	0.00631	0.00631
AAC	CAC	AC	1.50504	0.01268	0.02453	-1.50504	0.05712	0.02453	0.01227	0.01227
AAC	ATC	AT	0.50633	0.01475	0.01880	-0.50633	0.02448	0.01880	0.00940	0.00940
AAC	ACC	AC	-0.15319	0.01268	0.01173	0.15319	0.01088	0.01173	0.00587	0.00587
AAC	AAT	CT	-0.60339	0.01739	0.01266	0.60339	0.00951	0.01266	0.01266	0.01266
AAA	CAA	AC	0.22980	0.01729	0.01936	-0.22980	0.02176	0.01936	0.00968	0.00968
AAA	ATA	AT	-9.21397	0.02012	0.00002	9.21397	0.00000	0.00000	0.00001	0.00000
AAA	ACA	AC	-0.24020	0.01729	0.01530	0.24020	0.01360	0.01530	0.00765	0.00765
AAA	AAT	AT	-0.05513	0.02012	0.01957	0.05513	0.01904	0.01957	0.00978	0.00978
AAA	AAC	AC	0.54825	0.01729	0.02246	-0.54825	0.02992	0.02246	0.01123	0.01123
AAG	CAG	AC	0.32778	0.01960	0.02299	-0.32778	0.02720	0.02299	0.01149	0.01149
AAG	ATG	AT	0.43874	0.02280	0.02817	-0.43874	0.03536	0.02817	0.01408	0.01408
AAG	ACG	AC	1.02093	0.01960	0.03128	-1.02093	0.05440	0.03128	0.01564	0.01564
AAG	AAT	GT	-0.87577	0.02280	0.01426	0.87577	0.00950	0.01426	0.00713	0.00713
AAG	AAC	GC	-0.27239	0.01960	0.01705	0.27239	0.01493	0.01705	0.00853	0.00853
AAG	AAA	GA	-0.82064	0.05449	0.03515	0.82064	0.02398	0.03515	0.03515	0.03515
AGT	TGT	AT	1.80562	0.01073	0.02319	-1.80562	0.06528	0.02319	0.01159	0.01159
AGT	CGT	AC	1.61218	0.00922	0.01857	-1.61218	0.04624	0.01857	0.00929	0.00929
AGT	ATT	GT	-2.06791	0.01073	0.00321	2.06791	0.00136	0.00321	0.00161	0.00161
AGT	ACT	GC	0.16293	0.00922	0.00999	-0.16293	0.01085	0.00999	0.00500	0.00500
AGT	AAT	GA	-0.82901	0.02564	0.01646	0.82901	0.01119	0.01646	0.00823	0.00823
AGC	TGC	AT	1.80562	0.01610	0.03478	-1.80562	0.09792	0.03478	0.01739	0.01739
AGC	CGC	AC	0.77140	0.01383	0.01985	-0.77140	0.02992	0.01985	0.00992	0.00992
AGC	ATC	GT	-0.27615	0.01610	0.01398	0.27615	0.01221	0.01398	0.00699	0.00699
AGC	ACC	GC	-0.93568	0.01383	0.00836	0.93568	0.00543	0.00836	0.00418	0.00418
AGC	AAC	GA	-0.78249	0.03846	0.02536	0.78249	0.01759	0.02536	0.01268	0.01268
AGC	AGT	CT	-0.55687	0.01897	0.01417	0.55687	0.01087	0.01417	0.01417	0.01417
AGA	CGA	AC	-0.24020	0.01383	0.01224	0.24020	0.01088	0.01224	0.01224	0.01224
AGA	ATA	GT	-9.68630	0.01610	0.00001	9.68630	0.00000	0.00000	0.00000	0.00000
AGA	ACA	GC	-0.71254	0.01383	0.00949	0.71254	0.00678	0.00949	0.00474	0.00474
AGA	AAA	GA	-0.47233	0.03846	0.03009	0.47233	0.02398	0.03009	0.01505	0.01505
AGA	AGT	AT	0.30154	0.01610	0.01864	-0.30154	0.02176	0.01864	0.00932	0.00932
AGA	AGC	AC	0.85841	0.01383	0.02061	-0.85841	0.03264	0.02061	0.01031	0.01031
AGG	TGG	AT	1.17701	0.01341	0.02282	-1.17701	0.04352	0.02282	0.01141	0.01141
AGG	CGG	AC	0.34758	0.01153	0.01365	-0.34758	0.01632	0.01365	0.01365	0.01365
AGG	ATG	GT	0.27389	0.01341	0.01533	-0.27389	0.01764	0.01533	0.00767	0.00767
AGG	ACG	GC	0.85608	0.01153	0.01716	-0.85608	0.02714	0.01716	0.00858	0.00858
AGG	AAG	GA	-0.16485	0.03205	0.02948	0.16485	0.02718	0.02948	0.01474	0.01474
AGG	AGT	GT	-0.21161	0.01341	0.01204	0.21161	0.01085	0.01204	0.00602	0.00602
AGG	AGC	GC	0.34525	0.01153	0.01363	-0.34525	0.01628	0.01363	0.00682	0.00682
AGG	AGA	GA	-0.51315	0.03205	0.02453	0.51315	0.01919	0.02453	0.02453	0.02453
GTT	TTT	GT	-0.33678	0.02280	0.01918	0.33678	0.01628	0.01918	0.00959	0.00959
GTT	CTT	GC	0.03777	0.01960	0.01997	-0.03777	0.02035	0.01997	0.00999	0.00999
GTT	ATT	GA	-3.52869	0.05449	0.00581	3.52869	0.00160	0.00581	0.00291	0.00291
GTC	TTC	GT	-0.43030	0.01878	0.01503	0.43030	0.01221	0.01503	0.00751	0.00751
GTC	CTC	GC	0.08882	0.01614	0.01687	-0.08882	0.01764	0.01687	0.00843	0.00843
GTC	ATC	GA	-1.13731	0.04487	0.02409	1.13731	0.01439	0.02409	0.01205	0.01205
GTC	GTT	CT	0.04275	0.02213	0.02260	-0.04275	0.02309	0.02260	0.02260	0.02260
GTA	TTA	GT	-0.68162	0.01073	0.00749	0.68162	0.00543	0.00749	0.00374	0.00374
GTA	CTA	GC	-0.81790	0.00922	0.00596	0.81790	0.00407	0.00596	0.00298	0.00298
GTA	ATA	GA	-9.98784	0.02564	0.00001	9.98784	0.00000	0.00000	0.00001	0.00000
GTA	GTT	AT	1.46078	0.01073	0.02041	-1.46078	0.04624	0.02041	0.02041	0.02041
GTA	GTC	AC	1.41802	0.00922	0.01726	-1.41802	0.03808	0.01726	0.01726	0.01726
GTG	TTG	GT	0.33695	0.01744	0.02054	-0.33695	0.02442	0.02054	0.01027	0.01027
GTG	CTG	GC	-0.79258	0.01499	0.00982	0.79258	0.00678	0.00982	0.00491	0.00491
GTG	ATG	GA	-0.69548	0.04167	0.02884	0.69548	0.02078	0.02884	0.01442	0.01442
GTG	GTT	GT	0.27979	0.01744	0.01999	-0.27979	0.02307	0.01999	0.01999	0.01999
GTG	GTC	GC	0.23704	0.01499	0.01683	-0.23704	0.01900	0.01683	0.01683	0.01683
GTG	GTA	GA	-1.18098	0.04167	0.02180	1.18098	0.01279	0.02180	0.02180	0.02180
GCT	TCT	GT	-0.71671	0.03890	0.02661	0.71671	0.01900	0.02661	0.01330	0.01330
GCT	CCT	GC	-1.25845	0.03343	0.01670	1.25845	0.00950	0.01670	0.00835	0.00835
GCT	ACT	GA	-1.98333	0.09295	0.02942	1.98333	0.01279	0.02942	0.01471	0.01471
GCT	GTT	CT	-0.68549	0.04583	0.03191	0.68549	0.02309	0.03191	0.01595	0.01595
GCC	TCC	GT	0.16568	0.02414	0.02620	-0.16568	0.02849	0.02620	0.01310	0.01310
GCC	CCC	GC	-1.62883	0.02075	0.00825	1.62883	0.00407	0.00825	0.00412	0.00412
GCC	ACC	GA	-2.19955	0.05769	0.01582	2.19955	0.00640	0.01582	0.00791	0.00791
GCC	GTC	CT	-0.40272	0.02845	0.02310	0.40272	0.01902	0.02310	0.01155	0.01155
GCC	GCT	CT	0.32552	0.02845	0.03333	-0.32552	0.03939	0.03333	0.03333	0.03333
GCA	TCA	GT	-0.27615	0.01610	0.01398	0.27615	0.01221	0.01398	0.00699	0.00699
GCA	CCA	GC	-0.24253	0.01383	0.01222	0.24253	0.01085	0.01222	0.00611	0.00611
GCA	ACA	GA	-1.57095	0.03846	0.01585	1.57095	0.00799	0.01585	0.00793	0.00793
GCA	GTA	CT	-0.55687	0.01897	0.01417	0.55687	0.01087	0.01417	0.00709	0.00709
GCA	GCT	AT	1.58939	0.01610	0.03214	-1.58939	0.07888	0.03214	0.03214	0.03214
GCA	GCC	AC	1.26387	0.01383	0.02437	-1.26387	0.04896	0.02437	0.02437	0.02437
GCG	TCG	GT	-0.21161	0.03353	0.03011	0.21161	0.02714	0.03011	0.01505	0.01505
GCG	CCG	GC	-1.66965	0.02882	0.01116	1.66965	0.00543	0.01116	0.00558	0.00558
GCG	ACG	GA	-0.91862	0.08013	0.04888	0.91862	0.03198	0.04888	0.02444	0.02444
GCG	GTG	CT	-0.80533	0.03951	0.02571	0.80533	0.01766	0.02571	0.01286	0.01286
GCG	GCT	GT	0.15995	0.03353	0.03629	-0.15995	0.03935	0.03629	0.03629	0.03629
GCG	GCC	GC	-0.16557	0.02882	0.02650	0.16557	0.02442	0.02650	0.02650	0.02650
GCG	GCA	GA	-1.42945	0.08013	0.03606	1.42945	0.01919	0.03606	0.03606	0.03606
GAT	TAT	GT	-2.22206	0.03756	0.01014	2.22206	0.00407	0.01014	0.00507	0.00507
GAT	CAT	GC	-0.68437	0.03228	0.02248	0.68437	0.01628	0.02248	0.01124	0.01124
GAT	AAT	GA	-2.08177	0.08974	0.02662	2.08177	0.01119	0.02662	0.01331	0.01331
GAT	GTT	AT	0.20801	0.03756	0.04160	-0.20801	0.04624	0.04160	0.02080	0.02080
GAT	GCT	AC	0.89350	0.03228	0.04882	-0.89350	0.07888	0.04882	0.02441	0.02441
GAC	TAC	GT	-1.59791	0.02683	0.01087	1.59791	0.00543	0.01087	0.00544	0.00544
GAC	CAC	GC	0.21172	0.02306	0.02558	-0.21172	0.02849	0.02558	0.01279	0.01279
GAC	AAC	GA	-1.29331	0.06410	0.03135	1.29331	0.01759	0.03135	0.01567	0.01567
GAC	GTC	AT	0.35033	0.02683	0.03180	-0.35033	0.03808	0.03180	0.01590	0.01590
GAC	GCC	AC	0.75305	0.02306	0.03282	-0.75305	0.04896	0.03282	0.01641	0.01641
GAC	GAT	CT	0.18507	0.03161	0.03463	-0.18507	0.03804	0.03463	0.03463	0.03463
GAA	CAA	GC	-0.46568	0.01729	0.01358	0.46568	0.01085	0.01358	0.00679	0.00679
GAA	AAA	GA	-0.69548	0.04808	0.03328	0.69548	0.02398	0.03328	0.01664	0.01664
GAA	GTA	AT	0.07840	0.02012	0.02092	-0.07840	0.02176	0.02092	0.01046	0.01046
GAA	GCA	AC	0.63526	0.01729	0.02336	-0.63526	0.03264	0.02336	0.01168	0.01168
GAA	GAT	AT	1.33116	0.02012	0.03640	-1.33116	0.07616	0.03640	0.01820	0.01820
GAA	GAC	AC	1.14609	0.01729	0.02905	-1.14609	0.05440	0.02905	0.01453	0.01453
GAG	CAG	GC	-0.36770	0.01960	0.01622	0.36770	0.01357	0.01622	0.00811	0.00811
GAG	AAG	GA	-0.69548	0.05449	0.03772	0.69548	0.02718	0.03772	0.01886	0.01886
GAG	GTG	AT	0.43874	0.02280	0.02817	-0.43874	0.03536	0.02817	0.01408	0.01408
GAG	GCG	AC	1.24407	0.01960	0.03425	-1.24407	0.06800	0.03425	0.01713	0.01713
GAG	GAT	GT	0.51052	0.02280	0.02912	-0.51052	0.03799	0.02912	0.01456	0.01456
GAG	GAC	GC	0.32545	0.01960	0.02296	-0.32545	0.02714	0.02296	0.01148	0.01148
GAG	GAA	GA	-0.82064	0.05449	0.03515	0.82064	0.02398	0.03515	0.03515	0.03515
GGT	TGT	GT	0.99236	0.01207	0.01904	-0.99236	0.03256	0.01904	0.00952	0.00952
GGT	CGT	GC	0.79892	0.01038	0.01507	-0.79892	0.02307	0.01507	0.00753	0.00753
GGT	AGT	GA	-0.81326	0.02885	0.01869	0.81326	0.01279	0.01869	0.00934	0.00934
GGT	GTT	GT	0.64752	0.01207	0.01640	-0.64752	0.02307	0.01640	0.00820	0.00820
GGT	GCT	GC	1.33300	0.01038	0.01878	-1.33300	0.03935	0.01878	0.00939	0.00939
GGT	GAT	GA	0.43950	0.02885	0.03565	-0.43950	0.04477	0.03565	0.01782	0.01782
GGC	TGC	GT	1.80329	0.00805	0.01738	-1.80329	0.04885	0.01738	0.00869	0.00869
GGC	CGC	GC	0.76907	0.00692	0.00991	-0.76907	0.01493	0.00991	0.00496	0.00496
GGC	AGC	GA	-0.00233	0.01923	0.01921	0.00233	0.01919	0.01921	0.00960	0.00960
GGC	GTC	GT	0.85883	0.00805	0.01199	-0.85883	0.01900	0.01199	0.00600	0.00600
GGC	GCC	GC	1.26154	0.00692	0.01217	-1.26154	0.02442	0.01217	0.00609	0.00609
GGC	GAC	GA	0.50850	0.01923	0.02453	-0.50850	0.03198	0.02453	0.01227	0.01227
GGC	GGT	CT	0.25406	0.00948	0.01074	-0.25406	0.01223	0.01074	0.01074	0.01074
GGA	CGA	GC	-1.08983	0.01614	0.00891	1.08983	0.00543	0.00891	0.00446	0.00446
GGA	AGA	GA	-0.84963	0.04487	0.02848	0.84963	0.01919	0.02848	0.01424	0.01424
GGA	GTA	GT	-0.54809	0.01878	0.01410	0.54809	0.01085	0.01410	0.00705	0.00705
GGA	GCA	GC	0.00878	0.01614	0.01621	-0.00878	0.01628	0.01621	0.00811	0.00811
GGA	GAA	GA	-0.62648	0.04487	0.03227	0.62648	0.02398	0.03227	0.01614	0.01614
GGA	GGT	AT	0.26517	0.01878	0.02138	-0.26517	0.02448	0.02138	0.02138	0.02138
GGA	GGC	AC	0.01111	0.01614	0.01623	-0.01111	0.01632	0.01623	0.01623	0.01623
GGG	TGG	GT	1.68551	0.00402	0.00833	-1.68551	0.02171	0.00833	0.00416	0.00416
GGG	CGG	GC	0.85608	0.00346	0.00515	-0.85608	0.00814	0.00515	0.00257	0.00257
GGG	AGG	GA	0.50850	0.00962	0.01227	-0.50850	0.01599	0.01227	0.00613	0.00613
GGG	GTG	GT	1.47787	0.00402	0.00770	-1.47787	0.01764	0.00770	0.00385	0.00385
GGG	GCG	GC	2.28320	0.00346	0.00879	-2.28320	0.03392	0.00879	0.00440	0.00440
GGG	GAG	GA	1.03912	0.00962	0.01546	-1.03912	0.02718	0.01546	0.00773	0.00773
GGG	GGT	GT	1.11014	0.00402	0.00666	-1.11014	0.01221	0.00666	0.00666	0.00666
GGG	GGC	GC	0.85608	0.00346	0.00515	-0.85608	0.00814	0.00515	0.00515	0.00515
GGG	GGA	GA	0.84497	0.00962	0.01424	-0.84497	0.02238	0.01424	0.01424	0.01424


Histograms
2Ns	FMut	FSub(CodonUsage)	FSubw(after w)

-9.97462	0.00973	0.00000	0.00000
-8.97716	0.00424	0.00000	0.00000
-7.97969	0.00025	0.00000	0.00000
-6.98223	0.00000	0.00000	0.00000
-5.98477	0.00000	0.00000	0.00000
-4.98731	0.00000	0.00000	0.00000
-3.98985	0.00859	0.00110	0.00088
-2.99239	0.02701	0.00599	0.00481
-1.99492	0.14055	0.05694	0.05755
-0.99746	0.34245	0.25181	0.25339
0.00000	0.30657	0.36831	0.36672
0.99746	0.13746	0.25181	0.25339
1.99492	0.02125	0.05694	0.05755
2.99239	0.00167	0.00599	0.00481
3.98985	0.00025	0.00110	0.00088
4.98731	0.00000	0.00000	0.00000
5.98477	0.00000	0.00000	0.00000
6.98223	0.00000	0.00000	0.00000
7.97969	0.00000	0.00000	0.00000
8.97716	0.00000	0.00000	0.00000
9.97462	0.00000	0.00000	0.00000

Proportion of advantageous (S > 0) mutations:
 0.29565

Proportions of good & bad mutations (|S| > 2.0000) among mutations:
0.00816  0.10649

mean |Ns| = 1.08149	mean Ns+ = 0.66447	mean Ns- = -1.25653
