Supplemental results for CODEML (seqf: aligned.fas  treef: AT1G25440_AT1G25440.1_Athaliana_Araport11.treefile)

I	J	ij	2Ns_IJ	pMut_IJ	pSub_IJ	2Ns_JI	pMut_JI	pSub_JI

TTC	TTT	CT	0.14652	0.01677	0.01802	-0.14652	0.01941	0.01802	0.01802	0.01802
TTA	TTT	AT	0.98006	0.00678	0.01064	-0.98006	0.01807	0.01064	0.00532	0.00532
TTA	TTC	AC	0.83353	0.00753	0.01109	-0.83353	0.01732	0.01109	0.00555	0.00555
TTG	TTT	GT	0.01215	0.01809	0.01820	-0.01215	0.01831	0.01820	0.00910	0.00910
TTG	TTC	GC	-0.13437	0.02007	0.01875	0.13437	0.01754	0.01875	0.00937	0.00937
TTG	TTA	GA	-0.96790	0.03108	0.01843	0.96790	0.01181	0.01843	0.01843	0.01843
TCT	TTT	CT	0.50943	0.01166	0.01488	-0.50943	0.01941	0.01488	0.00744	0.00744
TCC	TTC	CT	0.53141	0.01093	0.01409	-0.53141	0.01860	0.01409	0.00705	0.00705
TCC	TCT	CT	0.16850	0.01093	0.01188	-0.16850	0.01294	0.01188	0.01188	0.01188
TCA	TTA	CT	-0.05019	0.01020	0.00995	0.05019	0.00971	0.00995	0.00498	0.00498
TCA	TCT	AT	0.42044	0.00791	0.00969	-0.42044	0.01205	0.00969	0.00969	0.00969
TCA	TCC	AC	0.25194	0.00878	0.00993	-0.25194	0.01129	0.00993	0.00993	0.00993
TCG	TTG	CT	0.67933	0.01312	0.01808	-0.67933	0.02588	0.01808	0.00904	0.00904
TCG	TCT	GT	0.18205	0.01017	0.01113	-0.18205	0.01220	0.01113	0.01113	0.01113
TCG	TCC	GC	0.01355	0.01129	0.01136	-0.01355	0.01144	0.01136	0.01136	0.01136
TCG	TCA	GA	-0.23839	0.01748	0.01548	0.23839	0.01377	0.01548	0.01548	0.01548
TAT	TTT	AT	0.90001	0.00735	0.01114	-0.90001	0.01807	0.01114	0.00557	0.00557
TAT	TCT	AC	0.39059	0.00815	0.00985	-0.39059	0.01205	0.00985	0.00492	0.00492
TAC	TTC	AT	0.78335	0.00791	0.01141	-0.78335	0.01732	0.01141	0.00571	0.00571
TAC	TCC	AC	0.25194	0.00878	0.00993	-0.25194	0.01129	0.00993	0.00497	0.00497
TAC	TAT	CT	0.02985	0.01020	0.01036	-0.02985	0.01051	0.01036	0.01036	0.01036
TGT	TTT	GT	1.07999	0.00622	0.01017	-1.07999	0.01831	0.01017	0.00508	0.00508
TGT	TCT	GC	0.57056	0.00690	0.00905	-0.57056	0.01220	0.00905	0.00453	0.00453
TGT	TAT	GA	0.17998	0.01068	0.01167	-0.17998	0.01279	0.01167	0.00584	0.00584
TGC	TTC	GT	1.35589	0.00452	0.00826	-1.35589	0.01754	0.00826	0.00413	0.00413
TGC	TCC	GC	0.82448	0.00502	0.00737	-0.82448	0.01144	0.00737	0.00368	0.00368
TGC	TAC	GA	0.57254	0.00777	0.01020	-0.57254	0.01377	0.01020	0.00510	0.00510
TGC	TGT	CT	0.42242	0.00583	0.00715	-0.42242	0.00890	0.00715	0.00715	0.00715
TGG	TTG	GT	1.36767	0.00622	0.01141	-1.36767	0.02441	0.01141	0.00570	0.00570
TGG	TCG	GC	0.68835	0.00690	0.00954	-0.68835	0.01373	0.00954	0.00477	0.00477
TGG	TGT	GT	0.29983	0.00622	0.00720	-0.29983	0.00839	0.00720	0.00360	0.00360
TGG	TGC	GC	-0.12258	0.00690	0.00648	0.12258	0.00610	0.00648	0.00324	0.00324
CTT	TTT	CT	0.39164	0.01312	0.01586	-0.39164	0.01941	0.01586	0.00793	0.00793
CTC	TTC	CT	1.16001	0.00583	0.00985	-1.16001	0.01860	0.00985	0.00493	0.00493
CTC	CTT	CT	0.91489	0.00583	0.00890	-0.91489	0.01456	0.00890	0.00890	0.00890
CTA	TTA	CT	0.19097	0.00802	0.00881	-0.19097	0.00971	0.00881	0.00881	0.00881
CTA	CTT	AT	0.77938	0.00622	0.00895	-0.77938	0.01355	0.00895	0.00895	0.00895
CTA	CTC	AC	-0.13551	0.00690	0.00644	0.13551	0.00602	0.00644	0.00644	0.00644
CTG	TTG	CT	1.08479	0.00875	0.01433	-1.08479	0.02588	0.01433	0.01433	0.01433
CTG	CTT	GT	0.70530	0.00678	0.00945	-0.70530	0.01373	0.00945	0.00945	0.00945
CTG	CTC	GC	-0.20959	0.00753	0.00676	0.20959	0.00610	0.00676	0.00676	0.00676
CTG	CTA	GA	-0.07409	0.01165	0.01123	0.07409	0.01082	0.01123	0.01123	0.01123
CCT	TCT	CT	-0.16797	0.01531	0.01406	0.16797	0.01294	0.01406	0.00703	0.00703
CCT	CTT	CT	-0.05019	0.01531	0.01493	0.05019	0.01456	0.01493	0.00746	0.00746
CCC	TCC	CT	1.71340	0.00219	0.00457	-1.71340	0.01213	0.00457	0.00229	0.00229
CCC	CTC	CT	1.08479	0.00219	0.00358	-1.08479	0.00647	0.00358	0.00179	0.00179
CCC	CCT	CT	2.04987	0.00219	0.00514	-2.04987	0.01698	0.00514	0.00514	0.00514
CCA	TCA	CT	-0.02957	0.01166	0.01149	0.02957	0.01132	0.01149	0.00575	0.00575
CCA	CTA	CT	-0.27073	0.01166	0.01016	0.27073	0.00890	0.01016	0.00508	0.00508
CCA	CCT	AT	0.55884	0.00904	0.01180	-0.55884	0.01581	0.01180	0.01180	0.01180
CCA	CCC	AC	-1.49103	0.01003	0.00435	1.49103	0.00226	0.00435	0.00435	0.00435
CCG	TCG	CT	0.10396	0.01312	0.01381	-0.10396	0.01456	0.01381	0.00691	0.00691
CCG	CTG	CT	-0.30150	0.01312	0.01124	0.30150	0.00971	0.01124	0.00562	0.00562
CCG	CCT	GT	0.45398	0.01017	0.01266	-0.45398	0.01602	0.01266	0.01266	0.01266
CCG	CCC	GC	-1.59589	0.01129	0.00458	1.59589	0.00229	0.00458	0.00458	0.00458
CCG	CCA	GA	-0.10486	0.01748	0.01658	0.10486	0.01574	0.01658	0.01658	0.01658
CAT	TAT	CT	-0.10368	0.01166	0.01107	0.10368	0.01051	0.01107	0.00553	0.00553
CAT	CTT	AT	0.40469	0.00904	0.01100	-0.40469	0.01355	0.01100	0.00550	0.00550
CAT	CCT	AC	0.45488	0.01003	0.01249	-0.45488	0.01581	0.01249	0.00624	0.00624
CAC	TAC	CT	0.66358	0.00583	0.00798	-0.66358	0.01132	0.00798	0.00399	0.00399
CAC	CTC	AT	0.28691	0.00452	0.00520	-0.28691	0.00602	0.00520	0.00260	0.00260
CAC	CCC	AC	-0.79788	0.00502	0.00328	0.79788	0.00226	0.00328	0.00164	0.00164
CAC	CAT	CT	0.79711	0.00583	0.00846	-0.79711	0.01294	0.00846	0.00846	0.00846
CAA	CTA	AT	-0.08779	0.00904	0.00865	0.08779	0.00828	0.00865	0.00433	0.00433
CAA	CCA	AC	0.18295	0.01003	0.01098	-0.18295	0.01205	0.01098	0.00549	0.00549
CAA	CAT	AT	0.28691	0.00904	0.01040	-0.28691	0.01205	0.01040	0.00520	0.00520
CAA	CAC	AC	-0.51020	0.01003	0.00769	0.51020	0.00602	0.00769	0.00385	0.00385
CAG	CTG	AT	-0.31923	0.01243	0.01055	0.31923	0.00904	0.01055	0.00528	0.00528
CAG	CCG	AC	-0.01772	0.01380	0.01367	0.01772	0.01355	0.01367	0.00684	0.00684
CAG	CAT	GT	-0.01862	0.01243	0.01232	0.01862	0.01220	0.01232	0.00616	0.00616
CAG	CAC	GC	-0.81573	0.01380	0.00893	0.81573	0.00610	0.00893	0.00446	0.00446
CAG	CAA	GA	-0.30553	0.02136	0.01827	0.30553	0.01574	0.01827	0.01827	0.01827
CGT	TGT	CT	-0.20619	0.01093	0.00985	0.20619	0.00890	0.00985	0.00492	0.00492
CGT	CTT	GT	0.48215	0.00848	0.01068	-0.48215	0.01373	0.01068	0.00534	0.00534
CGT	CCT	GC	0.53234	0.00941	0.01213	-0.53234	0.01602	0.01213	0.00607	0.00607
CGT	CAT	GA	0.07746	0.01457	0.01514	-0.07746	0.01574	0.01514	0.00757	0.00757
CGC	TGC	CT	0.79711	0.00292	0.00423	-0.79711	0.00647	0.00423	0.00212	0.00212
CGC	CTC	GT	0.99298	0.00226	0.00357	-0.99298	0.00610	0.00357	0.00178	0.00178
CGC	CCC	GC	-0.09181	0.00251	0.00239	0.09181	0.00229	0.00239	0.00120	0.00120
CGC	CAC	GA	0.70607	0.00388	0.00542	-0.70607	0.00787	0.00542	0.00271	0.00271
CGC	CGT	CT	1.42572	0.00292	0.00547	-1.42572	0.01213	0.00547	0.00547	0.00547
CGA	CTA	GT	0.39514	0.00565	0.00684	-0.39514	0.00839	0.00684	0.00342	0.00342
CGA	CCA	GC	0.66587	0.00627	0.00859	-0.66587	0.01220	0.00859	0.00429	0.00429
CGA	CAA	GA	0.48293	0.00971	0.01224	-0.48293	0.01574	0.01224	0.00612	0.00612
CGA	CGT	AT	0.69237	0.00565	0.00783	-0.69237	0.01129	0.00783	0.00783	0.00783
CGA	CGC	AC	-0.73334	0.00627	0.00425	0.73334	0.00301	0.00425	0.00425	0.00425
CGG	TGG	CT	0.30463	0.00656	0.00761	-0.30463	0.00890	0.00761	0.00381	0.00381
CGG	CTG	GT	0.58751	0.00509	0.00673	-0.58751	0.00915	0.00673	0.00336	0.00336
CGG	CCG	GC	0.88902	0.00564	0.00852	-0.88902	0.01373	0.00852	0.00426	0.00426
CGG	CAG	GA	0.90674	0.00874	0.01329	-0.90674	0.02164	0.01329	0.00665	0.00665
CGG	CGT	GT	0.81066	0.00509	0.00742	-0.81066	0.01144	0.00742	0.00742	0.00742
CGG	CGC	GC	-0.61506	0.00564	0.00408	0.61506	0.00305	0.00408	0.00408	0.00408
CGG	CGA	GA	0.11828	0.00874	0.00927	-0.11828	0.00984	0.00927	0.00927	0.00927
ATT	TTT	AT	0.46923	0.01130	0.01416	-0.46923	0.01807	0.01416	0.00708	0.00708
ATT	CTT	AC	0.07759	0.01254	0.01303	-0.07759	0.01355	0.01303	0.00652	0.00652
ATC	TTC	AT	0.42667	0.01130	0.01389	-0.42667	0.01732	0.01389	0.00694	0.00694
ATC	CTC	AC	-0.73334	0.01254	0.00850	0.73334	0.00602	0.00850	0.00425	0.00425
ATC	ATT	CT	0.10396	0.01458	0.01535	-0.10396	0.01618	0.01535	0.01535	0.01535
ATA	TTA	AT	0.28691	0.00678	0.00780	-0.28691	0.00904	0.00780	0.00390	0.00390
ATA	CTA	AC	0.09594	0.00753	0.00789	-0.09594	0.00828	0.00789	0.00395	0.00395
ATA	ATT	AT	0.79773	0.00678	0.00984	-0.79773	0.01506	0.00984	0.00984	0.00984
ATA	ATC	AC	0.69377	0.00753	0.01043	-0.69377	0.01506	0.01043	0.01043	0.01043
ATG	TTG	AT	0.11506	0.02148	0.02274	-0.11506	0.02410	0.02274	0.01137	0.01137
ATG	CTG	AC	-0.96973	0.02383	0.01411	0.96973	0.00904	0.01411	0.00706	0.00706
ATG	ATT	GT	-0.34202	0.02148	0.01801	0.34202	0.01526	0.01801	0.00901	0.00901
ATG	ATC	GC	-0.44598	0.02383	0.01891	0.44598	0.01526	0.01891	0.00945	0.00945
ATG	ATA	GA	-1.13976	0.03690	0.01978	1.13976	0.01181	0.01978	0.00989	0.00989
ACT	TCT	AT	0.01497	0.01187	0.01196	-0.01497	0.01205	0.01196	0.00598	0.00598
ACT	CCT	AC	0.18295	0.01317	0.01441	-0.18295	0.01581	0.01441	0.00721	0.00721
ACT	ATT	CT	0.05517	0.01531	0.01573	-0.05517	0.01618	0.01573	0.00787	0.00787
ACC	TCC	AT	0.59706	0.00622	0.00826	-0.59706	0.01129	0.00826	0.00413	0.00413
ACC	CCC	AC	-1.11634	0.00690	0.00375	1.11634	0.00226	0.00375	0.00187	0.00187
ACC	ATC	CT	0.70180	0.00802	0.01116	-0.70180	0.01618	0.01116	0.00558	0.00558
ACC	ACT	CT	0.75059	0.00802	0.01140	-0.75059	0.01698	0.01140	0.01140	0.01140
ACA	TCA	AT	0.15338	0.00904	0.00975	-0.15338	0.01054	0.00975	0.00488	0.00488
ACA	CCA	AC	0.18295	0.01003	0.01098	-0.18295	0.01205	0.01098	0.00549	0.00549
ACA	ATA	CT	-0.18372	0.01166	0.01062	0.18372	0.00971	0.01062	0.00531	0.00531
ACA	ACT	AT	0.55884	0.00904	0.01180	-0.55884	0.01581	0.01180	0.01180	0.01180
ACA	ACC	AC	-0.19175	0.01003	0.00910	0.19175	0.00828	0.00910	0.00910	0.00910
ACG	TCG	AT	0.08624	0.01243	0.01298	-0.08624	0.01355	0.01298	0.00649	0.00649
ACG	CCG	AC	-0.01772	0.01380	0.01367	0.01772	0.01355	0.01367	0.00684	0.00684
ACG	ATG	CT	0.65051	0.01604	0.02181	-0.65051	0.03073	0.02181	0.01091	0.01091
ACG	ACT	GT	0.25331	0.01243	0.01408	-0.25331	0.01602	0.01408	0.01408	0.01408
ACG	ACC	GC	-0.49728	0.01380	0.01065	0.49728	0.00839	0.01065	0.01065	0.01065
ACG	ACA	GA	-0.30553	0.02136	0.01827	0.30553	0.01574	0.01827	0.01827	0.01827
AAT	TAT	AT	-0.48035	0.01582	0.01233	0.48035	0.00979	0.01233	0.00616	0.00616
AAT	CAT	AC	-0.37667	0.01756	0.01446	0.37667	0.01205	0.01446	0.00723	0.00723
AAT	ATT	AT	-0.04956	0.01582	0.01544	0.04956	0.01506	0.01544	0.00772	0.00772
AAT	ACT	AC	-0.10474	0.01756	0.01666	0.10474	0.01581	0.01666	0.00833	0.00833
AAC	TAC	AT	-0.20953	0.01300	0.01168	0.20953	0.01054	0.01168	0.00584	0.00584
AAC	CAC	AC	-0.87311	0.01442	0.00903	0.87311	0.00602	0.00903	0.00452	0.00452
AAC	ATC	AT	0.14715	0.01300	0.01398	-0.14715	0.01506	0.01398	0.00699	0.00699
AAC	ACC	AC	-0.55465	0.01442	0.01079	0.55465	0.00828	0.01079	0.00540	0.00540
AAC	AAT	CT	0.30067	0.01677	0.01941	-0.30067	0.02265	0.01941	0.01941	0.01941
AAA	CAA	AC	-0.68205	0.02383	0.01662	0.68205	0.01205	0.01662	0.00831	0.00831
AAA	ATA	AT	-0.86577	0.02148	0.01350	0.86577	0.00904	0.01350	0.00675	0.00675
AAA	ACA	AC	-0.68205	0.02383	0.01662	0.68205	0.01205	0.01662	0.00831	0.00831
AAA	AAT	AT	-0.01847	0.02148	0.02128	0.01847	0.02108	0.02128	0.01064	0.01064
AAA	AAC	AC	-0.31915	0.02383	0.02023	0.31915	0.01732	0.02023	0.01011	0.01011
AAG	CAG	AC	-0.80355	0.03700	0.02410	0.80355	0.01657	0.02410	0.01205	0.01205
AAG	ATG	AT	-0.15304	0.03335	0.03086	0.15304	0.02861	0.03086	0.01543	0.01543
AAG	ACG	AC	-0.80355	0.03700	0.02410	0.80355	0.01657	0.02410	0.01205	0.01205
AAG	AAT	GT	-0.44550	0.03335	0.02647	0.44550	0.02136	0.02647	0.01323	0.01323
AAG	AAC	GC	-0.74617	0.03700	0.02490	0.74617	0.01754	0.02490	0.01245	0.01245
AAG	AAA	GA	-0.42703	0.05730	0.04593	0.42703	0.03738	0.04593	0.04593	0.04593
AGT	TGT	AT	-0.71639	0.01696	0.01160	0.71639	0.00828	0.01160	0.00580	0.00580
AGT	CGT	AC	-0.51020	0.01881	0.01442	0.51020	0.01129	0.01442	0.00721	0.00721
AGT	ATT	GT	-0.10563	0.01696	0.01608	0.10563	0.01526	0.01608	0.00804	0.00804
AGT	ACT	GC	-0.16080	0.01881	0.01734	0.16080	0.01602	0.01734	0.00867	0.00867
AGT	AAT	GA	-0.05607	0.02913	0.02832	0.05607	0.02755	0.02832	0.01416	0.01416
AGC	TGC	AT	0.06376	0.00565	0.00583	-0.06376	0.00602	0.00583	0.00292	0.00292
AGC	CGC	AC	-0.73334	0.00627	0.00425	0.73334	0.00301	0.00425	0.00213	0.00213
AGC	ATC	GT	0.99298	0.00565	0.00891	-0.99298	0.01526	0.00891	0.00446	0.00446
AGC	ACC	GC	0.29118	0.00627	0.00723	-0.29118	0.00839	0.00723	0.00361	0.00361
AGC	AAC	GA	0.84583	0.00971	0.01439	-0.84583	0.02263	0.01439	0.00720	0.00720
AGC	AGT	CT	1.20257	0.00729	0.01253	-1.20257	0.02426	0.01253	0.01253	0.01253
AGA	CGA	AC	-1.22804	0.02571	0.01308	1.22804	0.00753	0.01308	0.01308	0.01308
AGA	ATA	GT	-0.92883	0.02317	0.01405	0.92883	0.00915	0.01405	0.00703	0.00703
AGA	ACA	GC	-0.74511	0.02571	0.01731	0.74511	0.01220	0.01731	0.00866	0.00866
AGA	AAA	GA	-0.06306	0.03982	0.03857	0.06306	0.03738	0.03857	0.01929	0.01929
AGA	AGT	AT	-0.02547	0.02317	0.02288	0.02547	0.02259	0.02288	0.01144	0.01144
AGA	AGC	AC	-1.22804	0.02571	0.01308	1.22804	0.00753	0.01308	0.00654	0.00654
AGG	TGG	AT	-0.92611	0.02091	0.01270	0.92611	0.00828	0.01270	0.00635	0.00635
AGG	CGG	AC	-1.23075	0.02320	0.01178	1.23075	0.00678	0.01178	0.01178	0.01178
AGG	ATG	GT	0.32650	0.02091	0.02451	-0.32650	0.02899	0.02451	0.01226	0.01226
AGG	ACG	GC	-0.32400	0.02320	0.01965	0.32400	0.01678	0.01965	0.00982	0.00982
AGG	AAG	GA	0.47954	0.03593	0.04523	-0.47954	0.05804	0.04523	0.02262	0.02262
AGG	AGT	GT	0.09011	0.02091	0.02187	-0.09011	0.02288	0.02187	0.01093	0.01093
AGG	AGC	GC	-1.11246	0.02320	0.01264	1.11246	0.00763	0.01264	0.00632	0.00632
AGG	AGA	GA	0.11558	0.03593	0.03805	-0.11558	0.04033	0.03805	0.03805	0.03805
GTT	TTT	GT	-0.25978	0.02374	0.02079	0.25978	0.01831	0.02079	0.01039	0.01039
GTT	CTT	GC	-0.65143	0.02634	0.01868	0.65143	0.01373	0.01868	0.00934	0.00934
GTT	ATT	GA	-0.72901	0.04079	0.02771	0.72901	0.01968	0.02771	0.01386	0.01386
GTC	TTC	GT	1.23810	0.00509	0.00887	-1.23810	0.01754	0.00887	0.00443	0.00443
GTC	CTC	GC	0.07809	0.00564	0.00587	-0.07809	0.00610	0.00587	0.00293	0.00293
GTC	ATC	GA	0.81143	0.00874	0.01276	-0.81143	0.01968	0.01276	0.00638	0.00638
GTC	GTT	CT	1.64441	0.00656	0.01337	-1.64441	0.03397	0.01337	0.01337	0.01337
GTA	TTA	GT	0.38684	0.00622	0.00750	-0.38684	0.00915	0.00750	0.00375	0.00375
GTA	CTA	GC	0.19587	0.00690	0.00760	-0.19587	0.00839	0.00760	0.00380	0.00380
GTA	ATA	GA	0.09994	0.01068	0.01123	-0.09994	0.01181	0.01123	0.00561	0.00561
GTA	GTT	AT	1.62668	0.00622	0.01259	-1.62668	0.03163	0.01259	0.01259	0.01259
GTA	GTC	AC	-0.01772	0.00690	0.00684	0.01772	0.00678	0.00684	0.00684	0.00684
GTG	TTG	GT	0.18205	0.02035	0.02225	-0.18205	0.02441	0.02225	0.01113	0.01113
GTG	CTG	GC	-0.90274	0.02258	0.01390	0.90274	0.00915	0.01390	0.00695	0.00695
GTG	ATG	GA	0.06699	0.03496	0.03614	-0.06699	0.03738	0.03614	0.01807	0.01807
GTG	GTT	GT	0.45398	0.02035	0.02531	-0.45398	0.03204	0.02531	0.02531	0.02531
GTG	GTC	GC	-1.19042	0.02258	0.01174	1.19042	0.00686	0.01174	0.01174	0.01174
GTG	GTA	GA	-1.17270	0.03496	0.01838	1.17270	0.01082	0.01838	0.01838	0.01838
GCT	TCT	GT	-0.29487	0.01639	0.01409	0.29487	0.01220	0.01409	0.00705	0.00705
GCT	CCT	GC	-0.12690	0.01819	0.01706	0.12690	0.01602	0.01706	0.00853	0.00853
GCT	ACT	GA	-0.30985	0.02816	0.02402	0.30985	0.02066	0.02402	0.01201	0.01201
GCT	GTT	CT	0.47434	0.02114	0.02655	-0.47434	0.03397	0.02655	0.01327	0.01327
GCC	TCC	GT	1.06197	0.00396	0.00642	-1.06197	0.01144	0.00642	0.00321	0.00321
GCC	CCC	GC	-0.65143	0.00439	0.00311	0.65143	0.00229	0.00311	0.00156	0.00156
GCC	ACC	GA	0.46491	0.00680	0.00850	-0.46491	0.01082	0.00850	0.00425	0.00425
GCC	GTC	CT	0.35528	0.00510	0.00606	-0.35528	0.00728	0.00606	0.00303	0.00303
GCC	GCT	CT	1.52535	0.00510	0.00995	-1.52535	0.02345	0.00995	0.00995	0.00995
GCA	TCA	GT	0.45398	0.00678	0.00844	-0.45398	0.01068	0.00844	0.00422	0.00422
GCA	CCA	GC	0.48355	0.00753	0.00949	-0.48355	0.01220	0.00949	0.00475	0.00475
GCA	ACA	GA	0.30061	0.01165	0.01349	-0.30061	0.01574	0.01349	0.00675	0.00675
GCA	GTA	CT	0.01695	0.00875	0.00882	-0.01695	0.00890	0.00882	0.00441	0.00441
GCA	GCT	AT	1.16930	0.00678	0.01150	-1.16930	0.02184	0.01150	0.01150	0.01150
GCA	GCC	AC	-0.35605	0.00753	0.00626	0.35605	0.00527	0.00626	0.00626	0.00626
GCG	TCG	GT	0.99298	0.00509	0.00802	-0.99298	0.01373	0.00802	0.00401	0.00401
GCG	CCG	GC	0.88902	0.00564	0.00852	-0.88902	0.01373	0.00852	0.00426	0.00426
GCG	ACG	GA	0.90674	0.00874	0.01329	-0.90674	0.02164	0.01329	0.00665	0.00665
GCG	GTG	CT	1.49026	0.00656	0.01262	-1.49026	0.02912	0.01262	0.00631	0.00631
GCG	GCT	GT	1.46990	0.00509	0.00971	-1.46990	0.02212	0.00971	0.00971	0.00971
GCG	GCC	GC	-0.05544	0.00564	0.00549	0.05544	0.00534	0.00549	0.00549	0.00549
GCG	GCA	GA	0.30061	0.00874	0.01012	-0.30061	0.01181	0.01012	0.01012	0.01012
GAT	TAT	GT	-1.19566	0.03278	0.01700	1.19566	0.00992	0.01700	0.00850	0.00850
GAT	CAT	GC	-1.09198	0.03637	0.02006	1.09198	0.01220	0.02006	0.01003	0.01003
GAT	AAT	GA	-0.71531	0.05633	0.03856	0.71531	0.02755	0.03856	0.01928	0.01928
GAT	GTT	AT	-0.03587	0.03278	0.03220	0.03587	0.03163	0.03220	0.01610	0.01610
GAT	GCT	AC	-0.51020	0.03637	0.02788	0.51020	0.02184	0.02788	0.01394	0.01394
GAC	TAC	GT	-0.39331	0.01582	0.01292	0.39331	0.01068	0.01292	0.00646	0.00646
GAC	CAC	GC	-1.05689	0.01756	0.00988	1.05689	0.00610	0.00988	0.00494	0.00494
GAC	AAC	GA	-0.18379	0.02719	0.02477	0.18379	0.02263	0.02477	0.01238	0.01238
GAC	GTC	AT	-0.84807	0.01582	0.01005	0.84807	0.00678	0.01005	0.00503	0.00503
GAC	GCC	AC	-1.20335	0.01756	0.00906	1.20335	0.00527	0.00906	0.00453	0.00453
GAC	GAT	CT	0.83220	0.02041	0.03007	-0.83220	0.04691	0.03007	0.03007	0.03007
GAA	CAA	GC	-1.10908	0.03700	0.02020	1.10908	0.01220	0.02020	0.01010	0.01010
GAA	AAA	GA	-0.42703	0.05730	0.04593	0.42703	0.03738	0.04593	0.02297	0.02297
GAA	GTA	AT	-1.39273	0.03335	0.01535	1.39273	0.00828	0.01535	0.00767	0.00767
GAA	GCA	AC	-1.40968	0.03700	0.01685	1.40968	0.00904	0.01685	0.00843	0.00843
GAA	GAT	AT	0.26981	0.03335	0.03805	-0.26981	0.04367	0.03805	0.01902	0.01902
GAA	GAC	AC	-0.56239	0.03700	0.02756	0.56239	0.02108	0.02756	0.01378	0.01378
GAG	CAG	GC	-1.17899	0.05456	0.02857	1.17899	0.01678	0.02857	0.01429	0.01429
GAG	AAG	GA	-0.37545	0.08449	0.06962	0.37545	0.05804	0.06962	0.03481	0.03481
GAG	GTG	AT	-0.59548	0.04917	0.03597	0.59548	0.02711	0.03597	0.01799	0.01799
GAG	GCG	AC	-2.08574	0.05456	0.01614	2.08574	0.00678	0.01614	0.00807	0.00807
GAG	GAT	GT	-0.10563	0.04917	0.04662	0.10563	0.04424	0.04662	0.02331	0.02331
GAG	GAC	GC	-0.93783	0.05456	0.03292	0.93783	0.02136	0.03292	0.01646	0.01646
GAG	GAA	GA	-0.37545	0.08449	0.06962	0.37545	0.05804	0.06962	0.06962	0.06962
GGT	TGT	GT	-0.19264	0.01017	0.00922	0.19264	0.00839	0.00922	0.00461	0.00461
GGT	CGT	GC	0.01355	0.01129	0.01136	-0.01355	0.01144	0.01136	0.00568	0.00568
GGT	AGT	GA	0.52375	0.01748	0.02246	-0.52375	0.02951	0.02246	0.01123	0.01123
GGT	GTT	GT	1.14713	0.01017	0.01710	-1.14713	0.03204	0.01710	0.00855	0.00855
GGT	GCT	GC	0.67280	0.01129	0.01551	-0.67280	0.02212	0.01551	0.00775	0.00775
GGT	GAT	GA	1.18300	0.01748	0.02981	-1.18300	0.05706	0.02981	0.01491	0.01491
GGC	TGC	GT	0.29983	0.00452	0.00523	-0.29983	0.00610	0.00523	0.00262	0.00262
GGC	CGC	GC	-0.49728	0.00502	0.00387	0.49728	0.00305	0.00387	0.00194	0.00194
GGC	AGC	GA	0.23607	0.00777	0.00872	-0.23607	0.00984	0.00872	0.00436	0.00436
GGC	GTC	GT	0.41762	0.00452	0.00553	-0.41762	0.00686	0.00553	0.00277	0.00277
GGC	GCC	GC	0.06234	0.00502	0.00517	-0.06234	0.00534	0.00517	0.00259	0.00259
GGC	GAC	GA	1.26569	0.00777	0.01370	-1.26569	0.02755	0.01370	0.00685	0.00685
GGC	GGT	CT	0.91489	0.00583	0.00890	-0.91489	0.01456	0.00890	0.00890	0.00890
GGA	CGA	GC	-1.21512	0.02571	0.01318	1.21512	0.00763	0.01318	0.00659	0.00659
GGA	AGA	GA	0.01292	0.03982	0.04007	-0.01292	0.04033	0.04007	0.02004	0.02004
GGA	GTA	GT	-1.01584	0.02317	0.01336	1.01584	0.00839	0.01336	0.00668	0.00668
GGA	GCA	GC	-1.03279	0.02571	0.01468	1.03279	0.00915	0.01468	0.00734	0.00734
GGA	GAA	GA	0.37689	0.03982	0.04779	-0.37689	0.05804	0.04779	0.02389	0.02389
GGA	GGT	AT	-0.53629	0.02317	0.01751	0.53629	0.01355	0.01751	0.01751	0.01751
GGA	GGC	AC	-1.45118	0.02571	0.01142	1.45118	0.00602	0.01142	0.01142	0.01142
GGG	TGG	GT	0.13278	0.00735	0.00785	-0.13278	0.00839	0.00785	0.00392	0.00392
GGG	CGG	GC	-0.17185	0.00815	0.00747	0.17185	0.00686	0.00747	0.00374	0.00374
GGG	AGG	GA	1.05889	0.01262	0.02047	-1.05889	0.03640	0.02047	0.01023	0.01023
GGG	GTG	GT	1.31840	0.00735	0.01323	-1.31840	0.02746	0.01323	0.00661	0.00661
GGG	GCG	GC	-0.17185	0.00815	0.00747	0.17185	0.00686	0.00747	0.00374	0.00374
GGG	GAG	GA	1.91388	0.01262	0.02834	-1.91388	0.08559	0.02834	0.01417	0.01417
GGG	GGT	GT	0.62526	0.00735	0.00988	-0.62526	0.01373	0.00988	0.00988	0.00988
GGG	GGC	GC	-0.28964	0.00815	0.00703	0.28964	0.00610	0.00703	0.00703	0.00703
GGG	GGA	GA	1.16155	0.01262	0.02135	-1.16155	0.04033	0.02135	0.02135	0.02135


Histograms
2Ns	FMut	FSub(CodonUsage)	FSubw(after w)

-1.98642	0.01881	0.00645	0.00579
-1.78777	0.00145	0.00059	0.00048
-1.58913	0.01670	0.00747	0.01081
-1.39049	0.02391	0.01192	0.01250
-1.19185	0.07255	0.04122	0.04409
-0.99321	0.06238	0.03976	0.03765
-0.79457	0.07463	0.05339	0.05287
-0.59592	0.07297	0.05807	0.05606
-0.39728	0.12872	0.11407	0.11832
-0.19864	0.09994	0.09929	0.10159
0.00000	0.12484	0.13553	0.11969
0.19864	0.08393	0.09929	0.10159
0.39728	0.08689	0.11407	0.11832
0.59592	0.04038	0.05807	0.05606
0.79457	0.03409	0.05339	0.05287
0.99321	0.02330	0.03976	0.03765
1.19185	0.02227	0.04122	0.04409
1.39049	0.00592	0.01192	0.01250
1.58913	0.00347	0.00747	0.01081
1.78777	0.00026	0.00059	0.00048
1.98642	0.00258	0.00645	0.00579

Proportion of advantageous (S > 0) mutations:
 0.36411

Proportions of good & bad mutations (|S| > 2.0000) among mutations:
0.00107  0.00856

mean |Ns| = 0.59028	mean Ns+ = 0.46731	mean Ns- = -0.66069
