Supplemental results for CODEML (seqf: aligned.fas  treef: AT2G24790_AT2G24790.1_Athaliana_Araport11.treefile)

I	J	ij	2Ns_IJ	pMut_IJ	pSub_IJ	2Ns_JI	pMut_JI	pSub_JI

TTC	TTT	CT	0.14355	0.01686	0.01810	-0.14355	0.01947	0.01810	0.01810	0.01810
TTA	TTT	AT	0.97234	0.00682	0.01067	-0.97234	0.01804	0.01067	0.00533	0.00533
TTA	TTC	AC	0.82878	0.00755	0.01110	-0.82878	0.01729	0.01110	0.00555	0.00555
TTG	TTT	GT	0.00609	0.01820	0.01825	-0.00609	0.01831	0.01825	0.00913	0.00913
TTG	TTC	GC	-0.13746	0.02013	0.01878	0.13746	0.01754	0.01878	0.00939	0.00939
TTG	TTA	GA	-0.96625	0.03102	0.01841	0.96625	0.01180	0.01841	0.01841	0.01841
TCT	TTT	CT	0.50646	0.01173	0.01495	-0.50646	0.01947	0.01495	0.00748	0.00748
TCC	TTC	CT	0.52844	0.01100	0.01416	-0.52844	0.01866	0.01416	0.00708	0.00708
TCC	TCT	CT	0.16553	0.01100	0.01193	-0.16553	0.01298	0.01193	0.01193	0.01193
TCA	TTA	CT	-0.05316	0.01027	0.00999	0.05316	0.00973	0.00999	0.00500	0.00500
TCA	TCT	AT	0.41272	0.00796	0.00972	-0.41272	0.01203	0.00972	0.00972	0.00972
TCA	TCC	AC	0.24719	0.00881	0.00994	-0.24719	0.01128	0.00994	0.00994	0.00994
TCG	TTG	CT	0.67636	0.01320	0.01816	-0.67636	0.02596	0.01816	0.00908	0.00908
TCG	TCT	GT	0.17599	0.01023	0.01116	-0.17599	0.01220	0.01116	0.01116	0.01116
TCG	TCC	GC	0.01046	0.01132	0.01138	-0.01046	0.01144	0.01138	0.01138	0.01138
TCG	TCA	GA	-0.23673	0.01745	0.01546	0.23673	0.01377	0.01546	0.01546	0.01546
TAT	TTT	AT	0.89229	0.00739	0.01117	-0.89229	0.01804	0.01117	0.00559	0.00559
TAT	TCT	AC	0.38583	0.00818	0.00986	-0.38583	0.01203	0.00986	0.00493	0.00493
TAC	TTC	AT	0.77563	0.00796	0.01144	-0.77563	0.01729	0.01144	0.00572	0.00572
TAC	TCC	AC	0.24719	0.00881	0.00994	-0.24719	0.01128	0.00994	0.00497	0.00497
TAC	TAT	CT	0.02689	0.01027	0.01040	-0.02689	0.01054	0.01040	0.01040	0.01040
TGT	TTT	GT	1.07393	0.00625	0.01020	-1.07393	0.01831	0.01020	0.00510	0.00510
TGT	TCT	GC	0.56747	0.00692	0.00907	-0.56747	0.01220	0.00907	0.00453	0.00453
TGT	TAT	GA	0.18164	0.01066	0.01166	-0.18164	0.01279	0.01166	0.00583	0.00583
TGC	TTC	GT	1.34982	0.00455	0.00829	-1.34982	0.01754	0.00829	0.00414	0.00414
TGC	TCC	GC	0.82139	0.00503	0.00738	-0.82139	0.01144	0.00738	0.00369	0.00369
TGC	TAC	GA	0.57420	0.00775	0.01019	-0.57420	0.01377	0.01019	0.00510	0.00510
TGC	TGT	CT	0.41945	0.00587	0.00718	-0.41945	0.00892	0.00718	0.00718	0.00718
TGG	TTG	GT	1.36161	0.00625	0.01145	-1.36161	0.02441	0.01145	0.00573	0.00573
TGG	TCG	GC	0.68525	0.00692	0.00956	-0.68525	0.01373	0.00956	0.00478	0.00478
TGG	TGT	GT	0.29377	0.00625	0.00722	-0.29377	0.00839	0.00722	0.00361	0.00361
TGG	TGC	GC	-0.12568	0.00692	0.00649	0.12568	0.00610	0.00649	0.00325	0.00325
CTT	TTT	CT	0.38868	0.01320	0.01593	-0.38868	0.01947	0.01593	0.00796	0.00796
CTC	TTC	CT	1.15705	0.00587	0.00990	-1.15705	0.01866	0.00990	0.00495	0.00495
CTC	CTT	CT	0.91192	0.00587	0.00894	-0.91192	0.01460	0.00894	0.00894	0.00894
CTA	TTA	CT	0.18801	0.00807	0.00885	-0.18801	0.00973	0.00885	0.00885	0.00885
CTA	CTT	AT	0.77167	0.00625	0.00898	-0.77167	0.01353	0.00898	0.00898	0.00898
CTA	CTC	AC	-0.14026	0.00692	0.00645	0.14026	0.00601	0.00645	0.00645	0.00645
CTG	TTG	CT	1.08182	0.00880	0.01440	-1.08182	0.02596	0.01440	0.01440	0.01440
CTG	CTT	GT	0.69924	0.00682	0.00948	-0.69924	0.01373	0.00948	0.00948	0.00948
CTG	CTC	GC	-0.21269	0.00755	0.00677	0.21269	0.00610	0.00677	0.00677	0.00677
CTG	CTA	GA	-0.07243	0.01163	0.01122	0.07243	0.01082	0.01122	0.01122	0.01122
CCT	TCT	CT	-0.17094	0.01540	0.01412	0.17094	0.01298	0.01412	0.00706	0.00706
CCT	CTT	CT	-0.05316	0.01540	0.01499	0.05316	0.01460	0.01499	0.00750	0.00750
CCC	TCC	CT	1.71043	0.00220	0.00459	-1.71043	0.01217	0.00459	0.00230	0.00230
CCC	CTC	CT	1.08182	0.00220	0.00360	-1.08182	0.00649	0.00360	0.00180	0.00180
CCC	CCT	CT	2.04690	0.00220	0.00517	-2.04690	0.01703	0.00517	0.00517	0.00517
CCA	TCA	CT	-0.03254	0.01173	0.01154	0.03254	0.01136	0.01154	0.00577	0.00577
CCA	CTA	CT	-0.27370	0.01173	0.01020	0.27370	0.00892	0.01020	0.00510	0.00510
CCA	CCT	AT	0.55112	0.00910	0.01183	-0.55112	0.01579	0.01183	0.01183	0.01183
CCA	CCC	AC	-1.49578	0.01006	0.00435	1.49578	0.00226	0.00435	0.00435	0.00435
CCG	TCG	CT	0.10099	0.01320	0.01388	-0.10099	0.01460	0.01388	0.00694	0.00694
CCG	CTG	CT	-0.30447	0.01320	0.01129	0.30447	0.00973	0.01129	0.00565	0.00565
CCG	CCT	GT	0.44792	0.01023	0.01270	-0.44792	0.01602	0.01270	0.01270	0.01270
CCG	CCC	GC	-1.59898	0.01132	0.00459	1.59898	0.00229	0.00459	0.00459	0.00459
CCG	CCA	GA	-0.10320	0.01745	0.01656	0.10320	0.01574	0.01656	0.01656	0.01656
CAT	TAT	CT	-0.10665	0.01173	0.01112	0.10665	0.01054	0.01112	0.00556	0.00556
CAT	CTT	AT	0.39697	0.00910	0.01102	-0.39697	0.01353	0.01102	0.00551	0.00551
CAT	CCT	AC	0.45013	0.01006	0.01250	-0.45013	0.01579	0.01250	0.00625	0.00625
CAC	TAC	CT	0.66061	0.00587	0.00802	-0.66061	0.01136	0.00802	0.00401	0.00401
CAC	CTC	AT	0.27919	0.00455	0.00521	-0.27919	0.00601	0.00521	0.00261	0.00261
CAC	CCC	AC	-0.80263	0.00503	0.00328	0.80263	0.00226	0.00328	0.00164	0.00164
CAC	CAT	CT	0.79414	0.00587	0.00850	-0.79414	0.01298	0.00850	0.00850	0.00850
CAA	CTA	AT	-0.09550	0.00910	0.00867	0.09550	0.00827	0.00867	0.00434	0.00434
CAA	CCA	AC	0.17820	0.01006	0.01099	-0.17820	0.01203	0.01099	0.00549	0.00549
CAA	CAT	AT	0.27919	0.00910	0.01043	-0.27919	0.01203	0.01043	0.00521	0.00521
CAA	CAC	AC	-0.51495	0.01006	0.00769	0.51495	0.00601	0.00769	0.00385	0.00385
CAG	CTG	AT	-0.32695	0.01251	0.01058	0.32695	0.00902	0.01058	0.00529	0.00529
CAG	CCG	AC	-0.02248	0.01384	0.01368	0.02248	0.01353	0.01368	0.00684	0.00684
CAG	CAT	GT	-0.02468	0.01251	0.01236	0.02468	0.01220	0.01236	0.00618	0.00618
CAG	CAC	GC	-0.81882	0.01384	0.00894	0.81882	0.00610	0.00894	0.00447	0.00447
CAG	CAA	GA	-0.30387	0.02133	0.01825	0.30387	0.01574	0.01825	0.01825	0.01825
CGT	TGT	CT	-0.20916	0.01100	0.00989	0.20916	0.00892	0.00989	0.00494	0.00494
CGT	CTT	GT	0.47609	0.00853	0.01072	-0.47609	0.01373	0.01072	0.00536	0.00536
CGT	CCT	GC	0.52925	0.00944	0.01215	-0.52925	0.01602	0.01215	0.00608	0.00608
CGT	CAT	GA	0.07912	0.01454	0.01512	-0.07912	0.01574	0.01512	0.00756	0.00756
CGC	TGC	CT	0.79414	0.00293	0.00425	-0.79414	0.00649	0.00425	0.00213	0.00213
CGC	CTC	GT	0.98692	0.00227	0.00358	-0.98692	0.00610	0.00358	0.00179	0.00179
CGC	CCC	GC	-0.09491	0.00252	0.00240	0.09491	0.00229	0.00240	0.00120	0.00120
CGC	CAC	GA	0.70773	0.00388	0.00541	-0.70773	0.00787	0.00541	0.00271	0.00271
CGC	CGT	CT	1.42275	0.00293	0.00550	-1.42275	0.01217	0.00550	0.00550	0.00550
CGA	CTA	GT	0.38908	0.00569	0.00686	-0.38908	0.00839	0.00686	0.00343	0.00343
CGA	CCA	GC	0.66278	0.00629	0.00860	-0.66278	0.01220	0.00860	0.00430	0.00430
CGA	CAA	GA	0.48459	0.00969	0.01223	-0.48459	0.01574	0.01223	0.00612	0.00612
CGA	CGT	AT	0.68466	0.00569	0.00785	-0.68466	0.01128	0.00785	0.00785	0.00785
CGA	CGC	AC	-0.73810	0.00629	0.00425	0.73810	0.00301	0.00425	0.00425	0.00425
CGG	TGG	CT	0.30167	0.00660	0.00764	-0.30167	0.00892	0.00764	0.00382	0.00382
CGG	CTG	GT	0.58145	0.00512	0.00675	-0.58145	0.00915	0.00675	0.00337	0.00337
CGG	CCG	GC	0.88592	0.00566	0.00853	-0.88592	0.01373	0.00853	0.00427	0.00427
CGG	CAG	GA	0.90840	0.00872	0.01328	-0.90840	0.02164	0.01328	0.00664	0.00664
CGG	CGT	GT	0.80460	0.00512	0.00745	-0.80460	0.01144	0.00745	0.00745	0.00745
CGG	CGC	GC	-0.61815	0.00566	0.00409	0.61815	0.00305	0.00409	0.00409	0.00409
CGG	CGA	GA	0.11994	0.00872	0.00926	-0.11994	0.00984	0.00926	0.00926	0.00926
ATT	TTT	AT	0.46151	0.01137	0.01420	-0.46151	0.01804	0.01420	0.00710	0.00710
ATT	CTT	AC	0.07284	0.01258	0.01304	-0.07284	0.01353	0.01304	0.00652	0.00652
ATC	TTC	AT	0.41895	0.01137	0.01392	-0.41895	0.01729	0.01392	0.00696	0.00696
ATC	CTC	AC	-0.73810	0.01258	0.00850	0.73810	0.00601	0.00850	0.00425	0.00425
ATC	ATT	CT	0.10099	0.01466	0.01542	-0.10099	0.01622	0.01542	0.01542	0.01542
ATA	TTA	AT	0.27919	0.00682	0.00782	-0.27919	0.00902	0.00782	0.00391	0.00391
ATA	CTA	AC	0.09118	0.00755	0.00790	-0.09118	0.00827	0.00790	0.00395	0.00395
ATA	ATT	AT	0.79002	0.00682	0.00987	-0.79002	0.01503	0.00987	0.00987	0.00987
ATA	ATC	AC	0.68902	0.00755	0.01045	-0.68902	0.01503	0.01045	0.01045	0.01045
ATG	TTG	AT	0.10734	0.02161	0.02279	-0.10734	0.02406	0.02279	0.01139	0.01139
ATG	CTG	AC	-0.97448	0.02390	0.01412	0.97448	0.00902	0.01412	0.00706	0.00706
ATG	ATT	GT	-0.34808	0.02161	0.01806	0.34808	0.01526	0.01806	0.00903	0.00903
ATG	ATC	GC	-0.44908	0.02390	0.01894	0.44908	0.01526	0.01894	0.00947	0.00947
ATG	ATA	GA	-1.13810	0.03684	0.01977	1.13810	0.01180	0.01977	0.00988	0.00988
ACT	TCT	AT	0.00726	0.01194	0.01198	-0.00726	0.01203	0.01198	0.00599	0.00599
ACT	CCT	AC	0.17820	0.01321	0.01442	-0.17820	0.01579	0.01442	0.00721	0.00721
ACT	ATT	CT	0.05220	0.01540	0.01580	-0.05220	0.01622	0.01580	0.00790	0.00790
ACC	TCC	AT	0.58934	0.00625	0.00828	-0.58934	0.01128	0.00828	0.00414	0.00414
ACC	CCC	AC	-1.12109	0.00692	0.00375	1.12109	0.00226	0.00375	0.00188	0.00188
ACC	ATC	CT	0.69883	0.00807	0.01121	-0.69883	0.01622	0.01121	0.00560	0.00560
ACC	ACT	CT	0.74762	0.00807	0.01145	-0.74762	0.01703	0.01145	0.01145	0.01145
ACA	TCA	AT	0.14566	0.00910	0.00978	-0.14566	0.01052	0.00978	0.00489	0.00489
ACA	CCA	AC	0.17820	0.01006	0.01099	-0.17820	0.01203	0.01099	0.00549	0.00549
ACA	ATA	CT	-0.18669	0.01173	0.01067	0.18669	0.00973	0.01067	0.00534	0.00534
ACA	ACT	AT	0.55112	0.00910	0.01183	-0.55112	0.01579	0.01183	0.01183	0.01183
ACA	ACC	AC	-0.19650	0.01006	0.00911	0.19650	0.00827	0.00911	0.00911	0.00911
ACG	TCG	AT	0.07852	0.01251	0.01301	-0.07852	0.01353	0.01301	0.00650	0.00650
ACG	CCG	AC	-0.02248	0.01384	0.01368	0.02248	0.01353	0.01368	0.00684	0.00684
ACG	ATG	CT	0.64754	0.01613	0.02191	-0.64754	0.03082	0.02191	0.01096	0.01096
ACG	ACT	GT	0.24725	0.01251	0.01412	-0.24725	0.01602	0.01412	0.01412	0.01412
ACG	ACC	GC	-0.50037	0.01384	0.01066	0.50037	0.00839	0.01066	0.01066	0.01066
ACG	ACA	GA	-0.30387	0.02133	0.01825	0.30387	0.01574	0.01825	0.01825	0.01825
AAT	TAT	AT	-0.48807	0.01592	0.01235	0.48807	0.00977	0.01235	0.00618	0.00618
AAT	CAT	AC	-0.38142	0.01761	0.01447	0.38142	0.01203	0.01447	0.00723	0.00723
AAT	ATT	AT	-0.05728	0.01592	0.01547	0.05728	0.01503	0.01547	0.00773	0.00773
AAT	ACT	AC	-0.10949	0.01761	0.01667	0.10949	0.01579	0.01667	0.00833	0.00833
AAC	TAC	AT	-0.21725	0.01308	0.01171	0.21725	0.01052	0.01171	0.00585	0.00585
AAC	CAC	AC	-0.87786	0.01447	0.00903	0.87786	0.00601	0.00903	0.00452	0.00452
AAC	ATC	AT	0.13943	0.01308	0.01401	-0.13943	0.01503	0.01401	0.00701	0.00701
AAC	ACC	AC	-0.55940	0.01447	0.01080	0.55940	0.00827	0.01080	0.00540	0.00540
AAC	AAT	CT	0.29770	0.01686	0.01950	-0.29770	0.02271	0.01950	0.01950	0.01950
AAA	CAA	AC	-0.68680	0.02390	0.01663	0.68680	0.01203	0.01663	0.00831	0.00831
AAA	ATA	AT	-0.87349	0.02161	0.01353	0.87349	0.00902	0.01353	0.00676	0.00676
AAA	ACA	AC	-0.68680	0.02390	0.01663	0.68680	0.01203	0.01663	0.00831	0.00831
AAA	AAT	AT	-0.02619	0.02161	0.02133	0.02619	0.02105	0.02133	0.01066	0.01066
AAA	AAC	AC	-0.32390	0.02390	0.02024	0.32390	0.01729	0.02024	0.01012	0.01012
AAG	CAG	AC	-0.80830	0.03711	0.02411	0.80830	0.01654	0.02411	0.01206	0.01206
AAG	ATG	AT	-0.16076	0.03355	0.03092	0.16076	0.02857	0.03092	0.01546	0.01546
AAG	ACG	AC	-0.80830	0.03711	0.02411	0.80830	0.01654	0.02411	0.01206	0.01206
AAG	AAT	GT	-0.45156	0.03355	0.02654	0.45156	0.02136	0.02654	0.01327	0.01327
AAG	AAC	GC	-0.74927	0.03711	0.02493	0.74927	0.01754	0.02493	0.01246	0.01246
AAG	AAA	GA	-0.42537	0.05719	0.04589	0.42537	0.03738	0.04589	0.04589	0.04589
AGT	TGT	AT	-0.72411	0.01706	0.01162	0.72411	0.00827	0.01162	0.00581	0.00581
AGT	CGT	AC	-0.51495	0.01887	0.01443	0.51495	0.01128	0.01443	0.00721	0.00721
AGT	ATT	GT	-0.11169	0.01706	0.01612	0.11169	0.01526	0.01612	0.00806	0.00806
AGT	ACT	GC	-0.16390	0.01887	0.01737	0.16390	0.01602	0.01737	0.00868	0.00868
AGT	AAT	GA	-0.05441	0.02908	0.02830	0.05441	0.02754	0.02830	0.01415	0.01415
AGC	TGC	AT	0.05605	0.00569	0.00585	-0.05605	0.00601	0.00585	0.00292	0.00292
AGC	CGC	AC	-0.73810	0.00629	0.00425	0.73810	0.00301	0.00425	0.00213	0.00213
AGC	ATC	GT	0.98692	0.00569	0.00895	-0.98692	0.01526	0.00895	0.00447	0.00447
AGC	ACC	GC	0.28809	0.00629	0.00724	-0.28809	0.00839	0.00724	0.00362	0.00362
AGC	AAC	GA	0.84749	0.00969	0.01437	-0.84749	0.02262	0.01437	0.00719	0.00719
AGC	AGT	CT	1.19961	0.00733	0.01259	-1.19961	0.02433	0.01259	0.01259	0.01259
AGA	CGA	AC	-1.23279	0.02579	0.01308	1.23279	0.00752	0.01308	0.01308	0.01308
AGA	ATA	GT	-0.93489	0.02331	0.01409	0.93489	0.00915	0.01409	0.00704	0.00704
AGA	ACA	GC	-0.74821	0.02579	0.01733	0.74821	0.01220	0.01733	0.00867	0.00867
AGA	AAA	GA	-0.06140	0.03974	0.03854	0.06140	0.03738	0.03854	0.01927	0.01927
AGA	AGT	AT	-0.03318	0.02331	0.02293	0.03318	0.02255	0.02293	0.01146	0.01146
AGA	AGC	AC	-1.23279	0.02579	0.01308	1.23279	0.00752	0.01308	0.00654	0.00654
AGG	TGG	AT	-0.93383	0.02104	0.01272	0.93383	0.00827	0.01272	0.00636	0.00636
AGG	CGG	AC	-1.23550	0.02327	0.01178	1.23550	0.00677	0.01178	0.01178	0.01178
AGG	ATG	GT	0.32044	0.02104	0.02459	-0.32044	0.02899	0.02459	0.01229	0.01229
AGG	ACG	GC	-0.32710	0.02327	0.01967	0.32710	0.01678	0.01967	0.00984	0.00984
AGG	AAG	GA	0.48120	0.03587	0.04519	-0.48120	0.05803	0.04519	0.02259	0.02259
AGG	AGT	GT	0.08405	0.02104	0.02194	-0.08405	0.02288	0.02194	0.01097	0.01097
AGG	AGC	GC	-1.11556	0.02327	0.01266	1.11556	0.00763	0.01266	0.00633	0.00633
AGG	AGA	GA	0.11724	0.03587	0.03801	-0.11724	0.04033	0.03801	0.03801	0.03801
GTT	TTT	GT	-0.26584	0.02388	0.02085	0.26584	0.01831	0.02085	0.01042	0.01042
GTT	CTT	GC	-0.65452	0.02642	0.01871	0.65452	0.01373	0.01871	0.00935	0.00935
GTT	ATT	GA	-0.72736	0.04071	0.02769	0.72736	0.01967	0.02769	0.01384	0.01384
GTC	TTC	GT	1.23204	0.00512	0.00890	-1.23204	0.01754	0.00890	0.00445	0.00445
GTC	CTC	GC	0.07499	0.00566	0.00588	-0.07499	0.00610	0.00588	0.00294	0.00294
GTC	ATC	GA	0.81309	0.00872	0.01275	-0.81309	0.01967	0.01275	0.00637	0.00637
GTC	GTT	CT	1.64144	0.00660	0.01343	-1.64144	0.03407	0.01343	0.01343	0.01343
GTA	TTA	GT	0.38078	0.00625	0.00752	-0.38078	0.00915	0.00752	0.00376	0.00376
GTA	CTA	GC	0.19278	0.00692	0.00761	-0.19278	0.00839	0.00761	0.00380	0.00380
GTA	ATA	GA	0.10159	0.01066	0.01121	-0.10159	0.01180	0.01121	0.00561	0.00561
GTA	GTT	AT	1.61896	0.00625	0.01263	-1.61896	0.03157	0.01263	0.01263	0.01263
GTA	GTC	AC	-0.02248	0.00692	0.00684	0.02248	0.00677	0.00684	0.00684	0.00684
GTG	TTG	GT	0.17599	0.02047	0.02232	-0.17599	0.02441	0.02232	0.01116	0.01116
GTG	CTG	GC	-0.90584	0.02265	0.01392	0.90584	0.00915	0.01392	0.00696	0.00696
GTG	ATG	GA	0.06865	0.03490	0.03611	-0.06865	0.03738	0.03611	0.01805	0.01805
GTG	GTT	GT	0.44792	0.02047	0.02540	-0.44792	0.03204	0.02540	0.02540	0.02540
GTG	GTC	GC	-1.19352	0.02265	0.01176	1.19352	0.00686	0.01176	0.01176	0.01176
GTG	GTA	GA	-1.17104	0.03490	0.01836	1.17104	0.01082	0.01836	0.01836	0.01836
GCT	TCT	GT	-0.30094	0.01649	0.01413	0.30094	0.01220	0.01413	0.00707	0.00707
GCT	CCT	GC	-0.13000	0.01824	0.01708	0.13000	0.01602	0.01708	0.00854	0.00854
GCT	ACT	GA	-0.30819	0.02811	0.02400	0.30819	0.02066	0.02400	0.01200	0.01200
GCT	GTT	CT	0.47137	0.02126	0.02667	-0.47137	0.03407	0.02667	0.01333	0.01333
GCC	TCC	GT	1.05591	0.00398	0.00644	-1.05591	0.01144	0.00644	0.00322	0.00322
GCC	CCC	GC	-0.65452	0.00440	0.00312	0.65452	0.00229	0.00312	0.00156	0.00156
GCC	ACC	GA	0.46657	0.00679	0.00849	-0.46657	0.01082	0.00849	0.00425	0.00425
GCC	GTC	CT	0.35231	0.00513	0.00609	-0.35231	0.00730	0.00609	0.00304	0.00304
GCC	GCT	CT	1.52238	0.00513	0.00999	-1.52238	0.02352	0.00999	0.00999	0.00999
GCA	TCA	GT	0.44792	0.00682	0.00847	-0.44792	0.01068	0.00847	0.00423	0.00423
GCA	CCA	GC	0.48046	0.00755	0.00951	-0.48046	0.01220	0.00951	0.00475	0.00475
GCA	ACA	GA	0.30226	0.01163	0.01348	-0.30226	0.01574	0.01348	0.00674	0.00674
GCA	GTA	CT	0.01398	0.00880	0.00886	-0.01398	0.00892	0.00886	0.00443	0.00443
GCA	GCT	AT	1.16158	0.00682	0.01154	-1.16158	0.02180	0.01154	0.01154	0.01154
GCA	GCC	AC	-0.36080	0.00755	0.00627	0.36080	0.00526	0.00627	0.00627	0.00627
GCG	TCG	GT	0.98692	0.00512	0.00805	-0.98692	0.01373	0.00805	0.00403	0.00403
GCG	CCG	GC	0.88592	0.00566	0.00853	-0.88592	0.01373	0.00853	0.00427	0.00427
GCG	ACG	GA	0.90840	0.00872	0.01328	-0.90840	0.02164	0.01328	0.00664	0.00664
GCG	GTG	CT	1.48729	0.00660	0.01268	-1.48729	0.02920	0.01268	0.00634	0.00634
GCG	GCT	GT	1.46384	0.00512	0.00975	-1.46384	0.02212	0.00975	0.00975	0.00975
GCG	GCC	GC	-0.05854	0.00566	0.00550	0.05854	0.00534	0.00550	0.00550	0.00550
GCG	GCA	GA	0.30226	0.00872	0.01011	-0.30226	0.01180	0.01011	0.01011	0.01011
GAT	TAT	GT	-1.20172	0.03298	0.01704	1.20172	0.00992	0.01704	0.00852	0.00852
GAT	CAT	GC	-1.09508	0.03648	0.02008	1.09508	0.01220	0.02008	0.01004	0.01004
GAT	AAT	GA	-0.71366	0.05622	0.03853	0.71366	0.02754	0.03853	0.01926	0.01926
GAT	GTT	AT	-0.04358	0.03298	0.03227	0.04358	0.03157	0.03227	0.01613	0.01613
GAT	GCT	AC	-0.51495	0.03648	0.02789	0.51495	0.02180	0.02789	0.01395	0.01395
GAC	TAC	GT	-0.39938	0.01592	0.01295	0.39938	0.01068	0.01295	0.00648	0.00648
GAC	CAC	GC	-1.05999	0.01761	0.00990	1.05999	0.00610	0.00990	0.00495	0.00495
GAC	AAC	GA	-0.18213	0.02714	0.02475	0.18213	0.02262	0.02475	0.01237	0.01237
GAC	GTC	AT	-0.85579	0.01592	0.01007	0.85579	0.00677	0.01007	0.00503	0.00503
GAC	GCC	AC	-1.20810	0.01761	0.00907	1.20810	0.00526	0.00907	0.00453	0.00453
GAC	GAT	CT	0.82923	0.02053	0.03021	-0.82923	0.04705	0.03021	0.03021	0.03021
GAA	CAA	GC	-1.11217	0.03711	0.02022	1.11217	0.01220	0.02022	0.01011	0.01011
GAA	AAA	GA	-0.42537	0.05719	0.04589	0.42537	0.03738	0.04589	0.02294	0.02294
GAA	GTA	AT	-1.40045	0.03355	0.01537	1.40045	0.00827	0.01537	0.00768	0.00768
GAA	GCA	AC	-1.41444	0.03711	0.01686	1.41444	0.00902	0.01686	0.00843	0.00843
GAA	GAT	AT	0.26210	0.03355	0.03814	-0.26210	0.04360	0.03814	0.01907	0.01907
GAA	GAC	AC	-0.56714	0.03711	0.02758	0.56714	0.02105	0.02758	0.01379	0.01379
GAG	CAG	GC	-1.18209	0.05473	0.02861	1.18209	0.01678	0.02861	0.01430	0.01430
GAG	AAG	GA	-0.37379	0.08433	0.06955	0.37379	0.05803	0.06955	0.03478	0.03478
GAG	GTG	AT	-0.60320	0.04947	0.03604	0.60320	0.02706	0.03604	0.01802	0.01802
GAG	GCG	AC	-2.09049	0.05473	0.01614	2.09049	0.00677	0.01614	0.00807	0.00807
GAG	GAT	GT	-0.11169	0.04947	0.04676	0.11169	0.04424	0.04676	0.02338	0.02338
GAG	GAC	GC	-0.94093	0.05473	0.03296	0.94093	0.02136	0.03296	0.01648	0.01648
GAG	GAA	GA	-0.37379	0.08433	0.06955	0.37379	0.05803	0.06955	0.06955	0.06955
GGT	TGT	GT	-0.19871	0.01023	0.00925	0.19871	0.00839	0.00925	0.00463	0.00463
GGT	CGT	GC	0.01046	0.01132	0.01138	-0.01046	0.01144	0.01138	0.00569	0.00569
GGT	AGT	GA	0.52541	0.01745	0.02243	-0.52541	0.02951	0.02243	0.01122	0.01122
GGT	GTT	GT	1.14107	0.01023	0.01716	-1.14107	0.03204	0.01716	0.00858	0.00858
GGT	GCT	GC	0.66970	0.01132	0.01553	-0.66970	0.02212	0.01553	0.00777	0.00777
GGT	GAT	GA	1.18465	0.01745	0.02978	-1.18465	0.05705	0.02978	0.01489	0.01489
GGC	TGC	GT	0.29377	0.00455	0.00525	-0.29377	0.00610	0.00525	0.00262	0.00262
GGC	CGC	GC	-0.50037	0.00503	0.00388	0.50037	0.00305	0.00388	0.00194	0.00194
GGC	AGC	GA	0.23772	0.00775	0.00871	-0.23772	0.00984	0.00871	0.00436	0.00436
GGC	GTC	GT	0.41155	0.00455	0.00555	-0.41155	0.00686	0.00555	0.00277	0.00277
GGC	GCC	GC	0.05925	0.00503	0.00518	-0.05925	0.00534	0.00518	0.00259	0.00259
GGC	GAC	GA	1.26734	0.00775	0.01368	-1.26734	0.02754	0.01368	0.00684	0.00684
GGC	GGT	CT	0.91192	0.00587	0.00894	-0.91192	0.01460	0.00894	0.00894	0.00894
GGA	CGA	GC	-1.21821	0.02579	0.01319	1.21821	0.00763	0.01319	0.00660	0.00660
GGA	AGA	GA	0.01458	0.03974	0.04003	-0.01458	0.04033	0.04003	0.02002	0.02002
GGA	GTA	GT	-1.02191	0.02331	0.01340	1.02191	0.00839	0.01340	0.00670	0.00670
GGA	GCA	GC	-1.03589	0.02579	0.01470	1.03589	0.00915	0.01470	0.00735	0.00735
GGA	GAA	GA	0.37855	0.03974	0.04774	-0.37855	0.05803	0.04774	0.02387	0.02387
GGA	GGT	AT	-0.54401	0.02331	0.01754	0.54401	0.01353	0.01754	0.01754	0.01754
GGA	GGC	AC	-1.45593	0.02579	0.01142	1.45593	0.00601	0.01142	0.01142	0.01142
GGG	TGG	GT	0.12672	0.00739	0.00787	-0.12672	0.00839	0.00787	0.00394	0.00394
GGG	CGG	GC	-0.17495	0.00818	0.00748	0.17495	0.00686	0.00748	0.00374	0.00374
GGG	AGG	GA	1.06055	0.01260	0.02044	-1.06055	0.03639	0.02044	0.01022	0.01022
GGG	GTG	GT	1.31234	0.00739	0.01327	-1.31234	0.02746	0.01327	0.00664	0.00664
GGG	GCG	GC	-0.17495	0.00818	0.00748	0.17495	0.00686	0.00748	0.00374	0.00374
GGG	GAG	GA	1.91554	0.01260	0.02831	-1.91554	0.08557	0.02831	0.01415	0.01415
GGG	GGT	GT	0.61919	0.00739	0.00992	-0.61919	0.01373	0.00992	0.00992	0.00992
GGG	GGC	GC	-0.29273	0.00818	0.00704	0.29273	0.00610	0.00704	0.00704	0.00704
GGG	GGA	GA	1.16320	0.01260	0.02132	-1.16320	0.04033	0.02132	0.02132	0.02132


Histograms
2Ns	FMut	FSub(CodonUsage)	FSubw(after w)

-1.99094	0.01881	0.00644	0.00578
-1.79185	0.00145	0.00060	0.00048
-1.59275	0.01322	0.00584	0.00949
-1.39366	0.02742	0.01358	0.01385
-1.19456	0.07692	0.04380	0.04618
-0.99547	0.05589	0.03571	0.03436
-0.79638	0.07679	0.05483	0.05407
-0.59728	0.07302	0.05809	0.05608
-0.39819	0.12610	0.11169	0.11431
-0.19909	0.10245	0.10166	0.10556
0.00000	0.12482	0.13552	0.11967
0.19909	0.08582	0.10166	0.10556
0.39819	0.08503	0.11169	0.11431
0.59728	0.04038	0.05809	0.05608
0.79638	0.03497	0.05483	0.05407
0.99547	0.02096	0.03571	0.03436
1.19456	0.02371	0.04380	0.04618
1.39366	0.00671	0.01358	0.01385
1.59275	0.00269	0.00584	0.00949
1.79185	0.00026	0.00060	0.00048
1.99094	0.00258	0.00644	0.00578

Proportion of advantageous (S > 0) mutations:
 0.36409

Proportions of good & bad mutations (|S| > 2.0000) among mutations:
0.00107  0.00858

mean |Ns| = 0.59041	mean Ns+ = 0.46738	mean Ns- = -0.66086
