Supplemental results for CODEML (seqf: aligned.fas  treef: AT2G33500_AT2G33500.1_Athaliana_Araport11.treefile)

I	J	ij	2Ns_IJ	pMut_IJ	pSub_IJ	2Ns_JI	pMut_JI	pSub_JI

TTC	TTT	CT	0.14447	0.01685	0.01809	-0.14447	0.01947	0.01809	0.01809	0.01809
TTA	TTT	AT	0.97837	0.00679	0.01064	-0.97837	0.01806	0.01064	0.00532	0.00532
TTA	TTC	AC	0.83390	0.00752	0.01108	-0.83390	0.01731	0.01108	0.00554	0.00554
TTG	TTT	GT	0.01111	0.01810	0.01821	-0.01111	0.01831	0.01821	0.00910	0.00910
TTG	TTC	GC	-0.13336	0.02005	0.01874	0.13336	0.01754	0.01874	0.00937	0.00937
TTG	TTA	GA	-0.96726	0.03118	0.01849	0.96726	0.01185	0.01849	0.01849	0.01849
TCT	TTT	CT	0.50737	0.01172	0.01494	-0.50737	0.01947	0.01494	0.00747	0.00747
TCC	TTC	CT	0.52935	0.01099	0.01415	-0.52935	0.01865	0.01415	0.00708	0.00708
TCC	TCT	CT	0.16644	0.01099	0.01193	-0.16644	0.01298	0.01193	0.01193	0.01193
TCA	TTA	CT	-0.05225	0.01025	0.00999	0.05225	0.00973	0.00999	0.00499	0.00499
TCA	TCT	AT	0.41875	0.00792	0.00969	-0.41875	0.01204	0.00969	0.00969	0.00969
TCA	TCC	AC	0.25231	0.00877	0.00992	-0.25231	0.01129	0.00992	0.00992	0.00992
TCG	TTG	CT	0.67727	0.01318	0.01815	-0.67727	0.02595	0.01815	0.00907	0.00907
TCG	TCT	GT	0.18101	0.01018	0.01113	-0.18101	0.01220	0.01113	0.01113	0.01113
TCG	TCC	GC	0.01456	0.01128	0.01136	-0.01456	0.01144	0.01136	0.01136	0.01136
TCG	TCA	GA	-0.23774	0.01754	0.01553	0.23774	0.01383	0.01553	0.01553	0.01553
TAT	TTT	AT	0.89833	0.00735	0.01115	-0.89833	0.01806	0.01115	0.00557	0.00557
TAT	TCT	AC	0.39096	0.00814	0.00984	-0.39096	0.01204	0.00984	0.00492	0.00492
TAC	TTC	AT	0.78166	0.00792	0.01142	-0.78166	0.01731	0.01142	0.00571	0.00571
TAC	TCC	AC	0.25231	0.00877	0.00992	-0.25231	0.01129	0.00992	0.00496	0.00496
TAC	TAT	CT	0.02780	0.01025	0.01040	-0.02780	0.01054	0.01040	0.01040	0.01040
TGT	TTT	GT	1.07895	0.00622	0.01017	-1.07895	0.01831	0.01017	0.00509	0.00509
TGT	TCT	GC	0.57158	0.00689	0.00905	-0.57158	0.01220	0.00905	0.00452	0.00452
TGT	TAT	GA	0.18062	0.01072	0.01171	-0.18062	0.01284	0.01171	0.00586	0.00586
TGC	TTC	GT	1.35484	0.00453	0.00826	-1.35484	0.01754	0.00826	0.00413	0.00413
TGC	TCC	GC	0.82549	0.00501	0.00736	-0.82549	0.01144	0.00736	0.00368	0.00368
TGC	TAC	GA	0.57319	0.00779	0.01024	-0.57319	0.01383	0.01024	0.00512	0.00512
TGC	TGT	CT	0.42036	0.00586	0.00718	-0.42036	0.00892	0.00718	0.00718	0.00718
TGG	TTG	GT	1.36663	0.00622	0.01142	-1.36663	0.02441	0.01142	0.00571	0.00571
TGG	TCG	GC	0.68936	0.00689	0.00954	-0.68936	0.01373	0.00954	0.00477	0.00477
TGG	TGT	GT	0.29879	0.00622	0.00720	-0.29879	0.00839	0.00720	0.00360	0.00360
TGG	TGC	GC	-0.12157	0.00689	0.00648	0.12157	0.00610	0.00648	0.00324	0.00324
CTT	TTT	CT	0.38959	0.01318	0.01592	-0.38959	0.01947	0.01592	0.00796	0.00796
CTC	TTC	CT	1.15796	0.00586	0.00989	-1.15796	0.01865	0.00989	0.00495	0.00495
CTC	CTT	CT	0.91284	0.00586	0.00894	-0.91284	0.01460	0.00894	0.00894	0.00894
CTA	TTA	CT	0.18892	0.00806	0.00884	-0.18892	0.00973	0.00884	0.00884	0.00884
CTA	CTT	AT	0.77770	0.00622	0.00895	-0.77770	0.01354	0.00895	0.00895	0.00895
CTA	CTC	AC	-0.13514	0.00689	0.00644	0.13514	0.00602	0.00644	0.00644	0.00644
CTG	TTG	CT	1.08273	0.00879	0.01439	-1.08273	0.02595	0.01439	0.01439	0.01439
CTG	CTT	GT	0.70426	0.00679	0.00946	-0.70426	0.01373	0.00946	0.00946	0.00946
CTG	CTC	GC	-0.20858	0.00752	0.00676	0.20858	0.00610	0.00676	0.00676	0.00676
CTG	CTA	GA	-0.07344	0.01169	0.01127	0.07344	0.01086	0.01127	0.01127	0.01127
CCT	TCT	CT	-0.17003	0.01538	0.01411	0.17003	0.01298	0.01411	0.00706	0.00706
CCT	CTT	CT	-0.05225	0.01538	0.01498	0.05225	0.01460	0.01498	0.00749	0.00749
CCC	TCC	CT	1.71134	0.00220	0.00459	-1.71134	0.01217	0.00459	0.00229	0.00229
CCC	CTC	CT	1.08273	0.00220	0.00360	-1.08273	0.00649	0.00360	0.00180	0.00180
CCC	CCT	CT	2.04782	0.00220	0.00517	-2.04782	0.01703	0.00517	0.00517	0.00517
CCA	TCA	CT	-0.03163	0.01172	0.01154	0.03163	0.01136	0.01154	0.00577	0.00577
CCA	CTA	CT	-0.27279	0.01172	0.01019	0.27279	0.00892	0.01019	0.00510	0.00510
CCA	CCT	AT	0.55716	0.00905	0.01181	-0.55716	0.01580	0.01181	0.01181	0.01181
CCA	CCC	AC	-1.49066	0.01002	0.00434	1.49066	0.00226	0.00434	0.00434	0.00434
CCG	TCG	CT	0.10191	0.01318	0.01387	-0.10191	0.01460	0.01387	0.00693	0.00693
CCG	CTG	CT	-0.30356	0.01318	0.01128	0.30356	0.00973	0.01128	0.00564	0.00564
CCG	CCT	GT	0.45294	0.01018	0.01266	-0.45294	0.01602	0.01266	0.01266	0.01266
CCG	CCC	GC	-1.59487	0.01128	0.00458	1.59487	0.00229	0.00458	0.00458	0.00458
CCG	CCA	GA	-0.10421	0.01754	0.01664	0.10421	0.01580	0.01664	0.01664	0.01664
CAT	TAT	CT	-0.10573	0.01172	0.01111	0.10573	0.01054	0.01111	0.00556	0.00556
CAT	CTT	AT	0.40300	0.00905	0.01100	-0.40300	0.01354	0.01100	0.00550	0.00550
CAT	CCT	AC	0.45525	0.01002	0.01248	-0.45525	0.01580	0.01248	0.00624	0.00624
CAC	TAC	CT	0.66152	0.00586	0.00801	-0.66152	0.01136	0.00801	0.00401	0.00401
CAC	CTC	AT	0.28522	0.00453	0.00520	-0.28522	0.00602	0.00520	0.00260	0.00260
CAC	CCC	AC	-0.79751	0.00501	0.00328	0.79751	0.00226	0.00328	0.00164	0.00164
CAC	CAT	CT	0.79505	0.00586	0.00849	-0.79505	0.01298	0.00849	0.00849	0.00849
CAA	CTA	AT	-0.08947	0.00905	0.00865	0.08947	0.00828	0.00865	0.00433	0.00433
CAA	CCA	AC	0.18332	0.01002	0.01097	-0.18332	0.01204	0.01097	0.00549	0.00549
CAA	CAT	AT	0.28522	0.00905	0.01040	-0.28522	0.01204	0.01040	0.00520	0.00520
CAA	CAC	AC	-0.50983	0.01002	0.00768	0.50983	0.00602	0.00768	0.00384	0.00384
CAG	CTG	AT	-0.32091	0.01245	0.01056	0.32091	0.00903	0.01056	0.00528	0.00528
CAG	CCG	AC	-0.01735	0.01378	0.01366	0.01735	0.01354	0.01366	0.00683	0.00683
CAG	CAT	GT	-0.01966	0.01245	0.01232	0.01966	0.01220	0.01232	0.00616	0.00616
CAG	CAC	GC	-0.81472	0.01378	0.00892	0.81472	0.00610	0.00892	0.00446	0.00446
CAG	CAA	GA	-0.30488	0.02143	0.01833	0.30488	0.01580	0.01833	0.01833	0.01833
CGT	TGT	CT	-0.20825	0.01099	0.00988	0.20825	0.00892	0.00988	0.00494	0.00494
CGT	CTT	GT	0.48111	0.00849	0.01069	-0.48111	0.01373	0.01069	0.00535	0.00535
CGT	CCT	GC	0.53336	0.00940	0.01212	-0.53336	0.01602	0.01212	0.00606	0.00606
CGT	CAT	GA	0.07811	0.01461	0.01519	-0.07811	0.01580	0.01519	0.00760	0.00760
CGC	TGC	CT	0.79505	0.00293	0.00425	-0.79505	0.00649	0.00425	0.00212	0.00212
CGC	CTC	GT	0.99194	0.00226	0.00357	-0.99194	0.00610	0.00357	0.00178	0.00178
CGC	CCC	GC	-0.09080	0.00251	0.00239	0.09080	0.00229	0.00239	0.00120	0.00120
CGC	CAC	GA	0.70672	0.00390	0.00543	-0.70672	0.00790	0.00543	0.00272	0.00272
CGC	CGT	CT	1.42366	0.00293	0.00549	-1.42366	0.01217	0.00549	0.00549	0.00549
CGA	CTA	GT	0.39410	0.00566	0.00685	-0.39410	0.00839	0.00685	0.00342	0.00342
CGA	CCA	GC	0.66689	0.00626	0.00858	-0.66689	0.01220	0.00858	0.00429	0.00429
CGA	CAA	GA	0.48357	0.00974	0.01229	-0.48357	0.01580	0.01229	0.00614	0.00614
CGA	CGT	AT	0.69069	0.00566	0.00783	-0.69069	0.01129	0.00783	0.00783	0.00783
CGA	CGC	AC	-0.73297	0.00626	0.00425	0.73297	0.00301	0.00425	0.00425	0.00425
CGG	TGG	CT	0.30258	0.00659	0.00764	-0.30258	0.00892	0.00764	0.00382	0.00382
CGG	CTG	GT	0.58647	0.00509	0.00673	-0.58647	0.00915	0.00673	0.00337	0.00337
CGG	CCG	GC	0.89003	0.00564	0.00851	-0.89003	0.01373	0.00851	0.00426	0.00426
CGG	CAG	GA	0.90739	0.00877	0.01334	-0.90739	0.02173	0.01334	0.00667	0.00667
CGG	CGT	GT	0.80962	0.00509	0.00743	-0.80962	0.01144	0.00743	0.00743	0.00743
CGG	CGC	GC	-0.61404	0.00564	0.00408	0.61404	0.00305	0.00408	0.00408	0.00408
CGG	CGA	GA	0.11893	0.00877	0.00930	-0.11893	0.00988	0.00930	0.00930	0.00930
ATT	TTT	AT	0.46754	0.01132	0.01417	-0.46754	0.01806	0.01417	0.00708	0.00708
ATT	CTT	AC	0.07796	0.01253	0.01302	-0.07796	0.01354	0.01302	0.00651	0.00651
ATC	TTC	AT	0.42498	0.01132	0.01389	-0.42498	0.01731	0.01389	0.00694	0.00694
ATC	CTC	AC	-0.73297	0.01253	0.00849	0.73297	0.00602	0.00849	0.00425	0.00425
ATC	ATT	CT	0.10191	0.01465	0.01541	-0.10191	0.01622	0.01541	0.01541	0.01541
ATA	TTA	AT	0.28522	0.00679	0.00780	-0.28522	0.00903	0.00780	0.00390	0.00390
ATA	CTA	AC	0.09630	0.00752	0.00789	-0.09630	0.00828	0.00789	0.00394	0.00394
ATA	ATT	AT	0.79605	0.00679	0.00985	-0.79605	0.01505	0.00985	0.00985	0.00985
ATA	ATC	AC	0.69414	0.00752	0.01043	-0.69414	0.01505	0.01043	0.01043	0.01043
ATG	TTG	AT	0.11337	0.02150	0.02274	-0.11337	0.02408	0.02274	0.01137	0.01137
ATG	CTG	AC	-0.96936	0.02381	0.01410	0.96936	0.00903	0.01410	0.00705	0.00705
ATG	ATT	GT	-0.34306	0.02150	0.01802	0.34306	0.01526	0.01802	0.00901	0.00901
ATG	ATC	GC	-0.44497	0.02381	0.01890	0.44497	0.01526	0.01890	0.00945	0.00945
ATG	ATA	GA	-1.13911	0.03702	0.01986	1.13911	0.01185	0.01986	0.00993	0.00993
ACT	TCT	AT	0.01329	0.01188	0.01196	-0.01329	0.01204	0.01196	0.00598	0.00598
ACT	CCT	AC	0.18332	0.01316	0.01440	-0.18332	0.01580	0.01440	0.00720	0.00720
ACT	ATT	CT	0.05312	0.01538	0.01579	-0.05312	0.01622	0.01579	0.00790	0.00790
ACC	TCC	AT	0.59538	0.00622	0.00826	-0.59538	0.01129	0.00826	0.00413	0.00413
ACC	CCC	AC	-1.11597	0.00689	0.00375	1.11597	0.00226	0.00375	0.00187	0.00187
ACC	ATC	CT	0.69974	0.00806	0.01120	-0.69974	0.01622	0.01120	0.00560	0.00560
ACC	ACT	CT	0.74853	0.00806	0.01145	-0.74853	0.01703	0.01145	0.01145	0.01145
ACA	TCA	AT	0.15169	0.00905	0.00976	-0.15169	0.01053	0.00976	0.00488	0.00488
ACA	CCA	AC	0.18332	0.01002	0.01097	-0.18332	0.01204	0.01097	0.00549	0.00549
ACA	ATA	CT	-0.18578	0.01172	0.01066	0.18578	0.00973	0.01066	0.00533	0.00533
ACA	ACT	AT	0.55716	0.00905	0.01181	-0.55716	0.01580	0.01181	0.01181	0.01181
ACA	ACC	AC	-0.19138	0.01002	0.00909	0.19138	0.00828	0.00909	0.00909	0.00909
ACG	TCG	AT	0.08455	0.01245	0.01298	-0.08455	0.01354	0.01298	0.00649	0.00649
ACG	CCG	AC	-0.01735	0.01378	0.01366	0.01735	0.01354	0.01366	0.00683	0.00683
ACG	ATG	CT	0.64845	0.01611	0.02190	-0.64845	0.03082	0.02190	0.01095	0.01095
ACG	ACT	GT	0.25227	0.01245	0.01408	-0.25227	0.01602	0.01408	0.01408	0.01408
ACG	ACC	GC	-0.49626	0.01378	0.01064	0.49626	0.00839	0.01064	0.01064	0.01064
ACG	ACA	GA	-0.30488	0.02143	0.01833	0.30488	0.01580	0.01833	0.01833	0.01833
AAT	TAT	AT	-0.48203	0.01584	0.01233	0.48203	0.00978	0.01233	0.00616	0.00616
AAT	CAT	AC	-0.37630	0.01754	0.01445	0.37630	0.01204	0.01445	0.00722	0.00722
AAT	ATT	AT	-0.05125	0.01584	0.01544	0.05125	0.01505	0.01544	0.00772	0.00772
AAT	ACT	AC	-0.10437	0.01754	0.01664	0.10437	0.01580	0.01664	0.00832	0.00832
AAC	TAC	AT	-0.21122	0.01301	0.01169	0.21122	0.01053	0.01169	0.00584	0.00584
AAC	CAC	AC	-0.87274	0.01441	0.00902	0.87274	0.00602	0.00902	0.00451	0.00451
AAC	ATC	AT	0.14546	0.01301	0.01398	-0.14546	0.01505	0.01398	0.00699	0.00699
AAC	ACC	AC	-0.55428	0.01441	0.01078	0.55428	0.00828	0.01078	0.00539	0.00539
AAC	AAT	CT	0.29862	0.01685	0.01949	-0.29862	0.02271	0.01949	0.01949	0.01949
AAA	CAA	AC	-0.68168	0.02381	0.01661	0.68168	0.01204	0.01661	0.00830	0.00830
AAA	ATA	AT	-0.86746	0.02150	0.01351	0.86746	0.00903	0.01351	0.00675	0.00675
AAA	ACA	AC	-0.68168	0.02381	0.01661	0.68168	0.01204	0.01661	0.00830	0.00830
AAA	AAT	AT	-0.02016	0.02150	0.02128	0.02016	0.02107	0.02128	0.01064	0.01064
AAA	AAC	AC	-0.31878	0.02381	0.02021	0.31878	0.01731	0.02021	0.01011	0.01011
AAG	CAG	AC	-0.80318	0.03696	0.02408	0.80318	0.01655	0.02408	0.01204	0.01204
AAG	ATG	AT	-0.15473	0.03338	0.03086	0.15473	0.02859	0.03086	0.01543	0.01543
AAG	ACG	AC	-0.80318	0.03696	0.02408	0.80318	0.01655	0.02408	0.01204	0.01204
AAG	AAT	GT	-0.44654	0.03338	0.02648	0.44654	0.02136	0.02648	0.01324	0.01324
AAG	AAC	GC	-0.74516	0.03696	0.02488	0.74516	0.01754	0.02488	0.01244	0.01244
AAG	AAA	GA	-0.42638	0.05748	0.04609	0.42638	0.03753	0.04609	0.04609	0.04609
AGT	TGT	AT	-0.71808	0.01697	0.01160	0.71808	0.00828	0.01160	0.00580	0.00580
AGT	CGT	AC	-0.50983	0.01879	0.01441	0.50983	0.01129	0.01441	0.00720	0.00720
AGT	ATT	GT	-0.10667	0.01697	0.01608	0.10667	0.01526	0.01608	0.00804	0.00804
AGT	ACT	GC	-0.15979	0.01879	0.01733	0.15979	0.01602	0.01733	0.00867	0.00867
AGT	AAT	GA	-0.05542	0.02923	0.02843	0.05542	0.02765	0.02843	0.01421	0.01421
AGC	TGC	AT	0.06208	0.00566	0.00584	-0.06208	0.00602	0.00584	0.00292	0.00292
AGC	CGC	AC	-0.73297	0.00626	0.00425	0.73297	0.00301	0.00425	0.00212	0.00212
AGC	ATC	GT	0.99194	0.00566	0.00892	-0.99194	0.01526	0.00892	0.00446	0.00446
AGC	ACC	GC	0.29220	0.00626	0.00722	-0.29220	0.00839	0.00722	0.00361	0.00361
AGC	AAC	GA	0.84648	0.00974	0.01444	-0.84648	0.02271	0.01444	0.00722	0.00722
AGC	AGT	CT	1.20052	0.00732	0.01258	-1.20052	0.02433	0.01258	0.01258	0.01258
AGA	CGA	AC	-1.22767	0.02568	0.01307	1.22767	0.00752	0.01307	0.01307	0.01307
AGA	ATA	GT	-0.92987	0.02320	0.01406	0.92987	0.00915	0.01406	0.00703	0.00703
AGA	ACA	GC	-0.74410	0.02568	0.01730	0.74410	0.01220	0.01730	0.00865	0.00865
AGA	AAA	GA	-0.06242	0.03994	0.03871	0.06242	0.03753	0.03871	0.01936	0.01936
AGA	AGT	AT	-0.02715	0.02320	0.02288	0.02715	0.02257	0.02288	0.01144	0.01144
AGA	AGC	AC	-1.22767	0.02568	0.01307	1.22767	0.00752	0.01307	0.00653	0.00653
AGG	TGG	AT	-0.92780	0.02093	0.01270	0.92780	0.00828	0.01270	0.00635	0.00635
AGG	CGG	AC	-1.23038	0.02318	0.01177	1.23038	0.00677	0.01177	0.01177	0.01177
AGG	ATG	GT	0.32546	0.02093	0.02452	-0.32546	0.02899	0.02452	0.01226	0.01226
AGG	ACG	GC	-0.32299	0.02318	0.01964	0.32299	0.01678	0.01964	0.00982	0.00982
AGG	AAG	GA	0.48019	0.03605	0.04539	-0.48019	0.05827	0.04539	0.02270	0.02270
AGG	AGT	GT	0.08907	0.02093	0.02188	-0.08907	0.02288	0.02188	0.01094	0.01094
AGG	AGC	GC	-1.11145	0.02318	0.01264	1.11145	0.00763	0.01264	0.00632	0.00632
AGG	AGA	GA	0.11622	0.03605	0.03818	-0.11622	0.04049	0.03818	0.03818	0.03818
GTT	TTT	GT	-0.26082	0.02376	0.02080	0.26082	0.01831	0.02080	0.01040	0.01040
GTT	CTT	GC	-0.65041	0.02631	0.01868	0.65041	0.01373	0.01868	0.00934	0.00934
GTT	ATT	GA	-0.72837	0.04092	0.02781	0.72837	0.01975	0.02781	0.01390	0.01390
GTC	TTC	GT	1.23706	0.00509	0.00887	-1.23706	0.01754	0.00887	0.00444	0.00444
GTC	CTC	GC	0.07910	0.00564	0.00586	-0.07910	0.00610	0.00586	0.00293	0.00293
GTC	ATC	GA	0.81208	0.00877	0.01281	-0.81208	0.01975	0.01281	0.00640	0.00640
GTC	GTT	CT	1.64235	0.00659	0.01343	-1.64235	0.03407	0.01343	0.01343	0.01343
GTA	TTA	GT	0.38580	0.00622	0.00750	-0.38580	0.00915	0.00750	0.00375	0.00375
GTA	CTA	GC	0.19689	0.00689	0.00759	-0.19689	0.00839	0.00759	0.00380	0.00380
GTA	ATA	GA	0.10058	0.01072	0.01126	-0.10058	0.01185	0.01126	0.00563	0.00563
GTA	GTT	AT	1.62500	0.00622	0.01259	-1.62500	0.03160	0.01259	0.01259	0.01259
GTA	GTC	AC	-0.01735	0.00689	0.00683	0.01735	0.00677	0.00683	0.00683	0.00683
GTG	TTG	GT	0.18101	0.02037	0.02227	-0.18101	0.02441	0.02227	0.01113	0.01113
GTG	CTG	GC	-0.90173	0.02255	0.01389	0.90173	0.00915	0.01389	0.00695	0.00695
GTG	ATG	GA	0.06764	0.03507	0.03627	-0.06764	0.03753	0.03627	0.01814	0.01814
GTG	GTT	GT	0.45294	0.02037	0.02533	-0.45294	0.03204	0.02533	0.02533	0.02533
GTG	GTC	GC	-1.18941	0.02255	0.01174	1.18941	0.00686	0.01174	0.01174	0.01174
GTG	GTA	GA	-1.17205	0.03507	0.01845	1.17205	0.01086	0.01845	0.01845	0.01845
GCT	TCT	GT	-0.29592	0.01641	0.01410	0.29592	0.01220	0.01410	0.00705	0.00705
GCT	CCT	GC	-0.12589	0.01817	0.01705	0.12589	0.01602	0.01705	0.00852	0.00852
GCT	ACT	GA	-0.30920	0.02825	0.02411	0.30920	0.02074	0.02411	0.01206	0.01206
GCT	GTT	CT	0.47228	0.02124	0.02665	-0.47228	0.03407	0.02665	0.01333	0.01333
GCC	TCC	GT	1.06093	0.00396	0.00643	-1.06093	0.01144	0.00643	0.00321	0.00321
GCC	CCC	GC	-0.65041	0.00439	0.00311	0.65041	0.00229	0.00311	0.00156	0.00156
GCC	ACC	GA	0.46556	0.00682	0.00853	-0.46556	0.01086	0.00853	0.00427	0.00427
GCC	GTC	CT	0.35322	0.00513	0.00609	-0.35322	0.00730	0.00609	0.00304	0.00304
GCC	GCT	CT	1.52329	0.00513	0.00999	-1.52329	0.02352	0.00999	0.00999	0.00999
GCA	TCA	GT	0.45294	0.00679	0.00844	-0.45294	0.01068	0.00844	0.00422	0.00422
GCA	CCA	GC	0.48457	0.00752	0.00949	-0.48457	0.01220	0.00949	0.00474	0.00474
GCA	ACA	GA	0.30125	0.01169	0.01354	-0.30125	0.01580	0.01354	0.00677	0.00677
GCA	GTA	CT	0.01489	0.00879	0.00886	-0.01489	0.00892	0.00886	0.00443	0.00443
GCA	GCT	AT	1.16761	0.00679	0.01151	-1.16761	0.02182	0.01151	0.01151	0.01151
GCA	GCC	AC	-0.35568	0.00752	0.00626	0.35568	0.00527	0.00626	0.00626	0.00626
GCG	TCG	GT	0.99194	0.00509	0.00803	-0.99194	0.01373	0.00803	0.00401	0.00401
GCG	CCG	GC	0.89003	0.00564	0.00851	-0.89003	0.01373	0.00851	0.00426	0.00426
GCG	ACG	GA	0.90739	0.00877	0.01334	-0.90739	0.02173	0.01334	0.00667	0.00667
GCG	GTG	CT	1.48820	0.00659	0.01267	-1.48820	0.02920	0.01267	0.00634	0.00634
GCG	GCT	GT	1.46886	0.00509	0.00972	-1.46886	0.02212	0.00972	0.00972	0.00972
GCG	GCC	GC	-0.05443	0.00564	0.00549	0.05443	0.00534	0.00549	0.00549	0.00549
GCG	GCA	GA	0.30125	0.00877	0.01016	-0.30125	0.01185	0.01016	0.01016	0.01016
GAT	TAT	GT	-1.19670	0.03281	0.01701	1.19670	0.00992	0.01701	0.00850	0.00850
GAT	CAT	GC	-1.09097	0.03633	0.02005	1.09097	0.01220	0.02005	0.01002	0.01002
GAT	AAT	GA	-0.71467	0.05651	0.03870	0.71467	0.02765	0.03870	0.01935	0.01935
GAT	GTT	AT	-0.03755	0.03281	0.03220	0.03755	0.03160	0.03220	0.01610	0.01610
GAT	GCT	AC	-0.50983	0.03633	0.02786	0.50983	0.02182	0.02786	0.01393	0.01393
GAC	TAC	GT	-0.39436	0.01584	0.01292	0.39436	0.01068	0.01292	0.00646	0.00646
GAC	CAC	GC	-1.05588	0.01754	0.00988	1.05588	0.00610	0.00988	0.00494	0.00494
GAC	AAC	GA	-0.18314	0.02728	0.02486	0.18314	0.02271	0.02486	0.01243	0.01243
GAC	GTC	AT	-0.84976	0.01584	0.01005	0.84976	0.00677	0.01005	0.00503	0.00503
GAC	GCC	AC	-1.20298	0.01754	0.00906	1.20298	0.00527	0.00906	0.00453	0.00453
GAC	GAT	CT	0.83014	0.02051	0.03019	-0.83014	0.04704	0.03019	0.03019	0.03019
GAA	CAA	GC	-1.10806	0.03696	0.02019	1.10806	0.01220	0.02019	0.01009	0.01009
GAA	AAA	GA	-0.42638	0.05748	0.04609	0.42638	0.03753	0.04609	0.02305	0.02305
GAA	GTA	AT	-1.39442	0.03338	0.01535	1.39442	0.00828	0.01535	0.00767	0.00767
GAA	GCA	AC	-1.40931	0.03696	0.01684	1.40931	0.00903	0.01684	0.00842	0.00842
GAA	GAT	AT	0.26813	0.03338	0.03805	-0.26813	0.04364	0.03805	0.01903	0.01903
GAA	GAC	AC	-0.56202	0.03696	0.02754	0.56202	0.02107	0.02754	0.01377	0.01377
GAG	CAG	GC	-1.17798	0.05450	0.02856	1.17798	0.01678	0.02856	0.01428	0.01428
GAG	AAG	GA	-0.37480	0.08476	0.06987	0.37480	0.05827	0.06987	0.03493	0.03493
GAG	GTG	AT	-0.59717	0.04922	0.03598	0.59717	0.02709	0.03598	0.01799	0.01799
GAG	GCG	AC	-2.08537	0.05450	0.01613	2.08537	0.00677	0.01613	0.00806	0.00806
GAG	GAT	GT	-0.10667	0.04922	0.04664	0.10667	0.04424	0.04664	0.02332	0.02332
GAG	GAC	GC	-0.93682	0.05450	0.03290	0.93682	0.02136	0.03290	0.01645	0.01645
GAG	GAA	GA	-0.37480	0.08476	0.06987	0.37480	0.05827	0.06987	0.06987	0.06987
GGT	TGT	GT	-0.19369	0.01018	0.00923	0.19369	0.00839	0.00923	0.00461	0.00461
GGT	CGT	GC	0.01456	0.01128	0.01136	-0.01456	0.01144	0.01136	0.00568	0.00568
GGT	AGT	GA	0.52440	0.01754	0.02253	-0.52440	0.02963	0.02253	0.01127	0.01127
GGT	GTT	GT	1.14609	0.01018	0.01711	-1.14609	0.03204	0.01711	0.00856	0.00856
GGT	GCT	GC	0.67381	0.01128	0.01550	-0.67381	0.02212	0.01550	0.00775	0.00775
GGT	GAT	GA	1.18364	0.01754	0.02992	-1.18364	0.05728	0.02992	0.01496	0.01496
GGC	TGC	GT	0.29879	0.00453	0.00524	-0.29879	0.00610	0.00524	0.00262	0.00262
GGC	CGC	GC	-0.49626	0.00501	0.00387	0.49626	0.00305	0.00387	0.00194	0.00194
GGC	AGC	GA	0.23671	0.00779	0.00875	-0.23671	0.00988	0.00875	0.00438	0.00438
GGC	GTC	GT	0.41657	0.00453	0.00553	-0.41657	0.00686	0.00553	0.00277	0.00277
GGC	GCC	GC	0.06335	0.00501	0.00517	-0.06335	0.00534	0.00517	0.00259	0.00259
GGC	GAC	GA	1.26633	0.00779	0.01374	-1.26633	0.02765	0.01374	0.00687	0.00687
GGC	GGT	CT	0.91284	0.00586	0.00894	-0.91284	0.01460	0.00894	0.00894	0.00894
GGA	CGA	GC	-1.21410	0.02568	0.01317	1.21410	0.00763	0.01317	0.00659	0.00659
GGA	AGA	GA	0.01357	0.03994	0.04022	-0.01357	0.04049	0.04022	0.02011	0.02011
GGA	GTA	GT	-1.01689	0.02320	0.01337	1.01689	0.00839	0.01337	0.00668	0.00668
GGA	GCA	GC	-1.03178	0.02568	0.01467	1.03178	0.00915	0.01467	0.00734	0.00734
GGA	GAA	GA	0.37754	0.03994	0.04796	-0.37754	0.05827	0.04796	0.02398	0.02398
GGA	GGT	AT	-0.53798	0.02320	0.01751	0.53798	0.01354	0.01751	0.01751	0.01751
GGA	GGC	AC	-1.45081	0.02568	0.01141	1.45081	0.00602	0.01141	0.01141	0.01141
GGG	TGG	GT	0.13174	0.00735	0.00785	-0.13174	0.00839	0.00785	0.00392	0.00392
GGG	CGG	GC	-0.17084	0.00814	0.00747	0.17084	0.00686	0.00747	0.00373	0.00373
GGG	AGG	GA	1.05954	0.01267	0.02054	-1.05954	0.03654	0.02054	0.01027	0.01027
GGG	GTG	GT	1.31736	0.00735	0.01323	-1.31736	0.02746	0.01323	0.00662	0.00662
GGG	GCG	GC	-0.17084	0.00814	0.00747	0.17084	0.00686	0.00747	0.00373	0.00373
GGG	GAG	GA	1.91453	0.01267	0.02844	-1.91453	0.08592	0.02844	0.01422	0.01422
GGG	GGT	GT	0.62421	0.00735	0.00989	-0.62421	0.01373	0.00989	0.00989	0.00989
GGG	GGC	GC	-0.28862	0.00814	0.00703	0.28862	0.00610	0.00703	0.00703	0.00703
GGG	GGA	GA	1.16219	0.01267	0.02142	-1.16219	0.04049	0.02142	0.02142	0.02142


Histograms
2Ns	FMut	FSub(CodonUsage)	FSubw(after w)

-1.98606	0.01882	0.00646	0.00579
-1.78746	0.00145	0.00060	0.00048
-1.58885	0.01321	0.00583	0.00948
-1.39025	0.02737	0.01356	0.01382
-1.19164	0.07252	0.04121	0.04408
-0.99303	0.06235	0.03975	0.03765
-0.79443	0.07460	0.05338	0.05286
-0.59582	0.07066	0.05614	0.05334
-0.39721	0.13104	0.11603	0.12106
-0.19861	0.09992	0.09927	0.10158
0.00000	0.12487	0.13556	0.11969
0.19861	0.08393	0.09927	0.10158
0.39721	0.08835	0.11603	0.12106
0.59582	0.03899	0.05614	0.05334
0.79443	0.03410	0.05338	0.05286
0.99303	0.02330	0.03975	0.03765
1.19164	0.02228	0.04121	0.04408
1.39025	0.00670	0.01356	0.01382
1.58885	0.00269	0.00583	0.00948
1.78746	0.00026	0.00060	0.00048
1.98606	0.00259	0.00646	0.00579

Proportion of advantageous (S > 0) mutations:
 0.36420

Proportions of good & bad mutations (|S| > 2.0000) among mutations:
0.00107  0.00855

mean |Ns| = 0.58985	mean Ns+ = 0.46701	mean Ns- = -0.66021
