Supplemental results for CODEML (seqf: aligned.fas  treef: AT1G28050_AT1G28050.1_Athaliana_Araport11.treefile)

I	J	ij	2Ns_IJ	pMut_IJ	pSub_IJ	2Ns_JI	pMut_JI	pSub_JI

TTC	TTT	CT	0.14990	0.01672	0.01801	-0.14990	0.01943	0.01801	0.01801	0.01801
TTA	TTT	AT	0.98215	0.00678	0.01064	-0.98215	0.01809	0.01064	0.00532	0.00532
TTA	TTC	AC	0.83225	0.00754	0.01111	-0.83225	0.01734	0.01111	0.00556	0.00556
TTG	TTT	GT	0.01299	0.01807	0.01819	-0.01299	0.01831	0.01819	0.00909	0.00909
TTG	TTC	GC	-0.13691	0.02012	0.01877	0.13691	0.01754	0.01877	0.00939	0.00939
TTG	TTA	GA	-0.96916	0.03106	0.01841	0.96916	0.01179	0.01841	0.01841	0.01841
TCT	TTT	CT	0.51280	0.01163	0.01487	-0.51280	0.01943	0.01487	0.00744	0.00744
TCC	TTC	CT	0.53478	0.01091	0.01408	-0.53478	0.01862	0.01408	0.00704	0.00704
TCC	TCT	CT	0.17187	0.01091	0.01187	-0.17187	0.01295	0.01187	0.01187	0.01187
TCA	TTA	CT	-0.04681	0.01018	0.00994	0.04681	0.00971	0.00994	0.00497	0.00497
TCA	TCT	AT	0.42253	0.00791	0.00969	-0.42253	0.01206	0.00969	0.00969	0.00969
TCA	TCC	AC	0.25066	0.00880	0.00995	-0.25066	0.01131	0.00995	0.00995	0.00995
TCG	TTG	CT	0.68270	0.01309	0.01806	-0.68270	0.02590	0.01806	0.00903	0.00903
TCG	TCT	GT	0.18288	0.01016	0.01112	-0.18288	0.01220	0.01112	0.01112	0.01112
TCG	TCC	GC	0.01101	0.01132	0.01138	-0.01101	0.01144	0.01138	0.01138	0.01138
TCG	TCA	GA	-0.23965	0.01747	0.01546	0.23965	0.01375	0.01546	0.01546	0.01546
TAT	TTT	AT	0.90211	0.00734	0.01114	-0.90211	0.01809	0.01114	0.00557	0.00557
TAT	TCT	AC	0.38930	0.00817	0.00987	-0.38930	0.01206	0.00987	0.00493	0.00493
TAC	TTC	AT	0.78544	0.00791	0.01141	-0.78544	0.01734	0.01141	0.00571	0.00571
TAC	TCC	AC	0.25066	0.00880	0.00995	-0.25066	0.01131	0.00995	0.00498	0.00498
TAC	TAT	CT	0.03323	0.01018	0.01035	-0.03323	0.01052	0.01035	0.01035	0.01035
TGT	TTT	GT	1.08083	0.00621	0.01016	-1.08083	0.01831	0.01016	0.00508	0.00508
TGT	TCT	GC	0.56803	0.00692	0.00906	-0.56803	0.01220	0.00906	0.00453	0.00453
TGT	TAT	GA	0.17872	0.01068	0.01166	-0.17872	0.01277	0.01166	0.00583	0.00583
TGC	TTC	GT	1.35672	0.00452	0.00825	-1.35672	0.01754	0.00825	0.00413	0.00413
TGC	TCC	GC	0.82194	0.00503	0.00738	-0.82194	0.01144	0.00738	0.00369	0.00369
TGC	TAC	GA	0.57128	0.00777	0.01019	-0.57128	0.01375	0.01019	0.00510	0.00510
TGC	TGT	CT	0.42579	0.00582	0.00714	-0.42579	0.00890	0.00714	0.00714	0.00714
TGG	TTG	GT	1.36851	0.00621	0.01140	-1.36851	0.02441	0.01140	0.00570	0.00570
TGG	TCG	GC	0.68581	0.00692	0.00956	-0.68581	0.01373	0.00956	0.00478	0.00478
TGG	TGT	GT	0.30067	0.00621	0.00719	-0.30067	0.00839	0.00719	0.00360	0.00360
TGG	TGC	GC	-0.12512	0.00692	0.00649	0.12512	0.00610	0.00649	0.00325	0.00325
CTT	TTT	CT	0.39502	0.01309	0.01584	-0.39502	0.01943	0.01584	0.00792	0.00792
CTC	TTC	CT	1.16339	0.00582	0.00984	-1.16339	0.01862	0.00984	0.00492	0.00492
CTC	CTT	CT	0.91827	0.00582	0.00889	-0.91827	0.01457	0.00889	0.00889	0.00889
CTA	TTA	CT	0.19435	0.00800	0.00880	-0.19435	0.00971	0.00880	0.00880	0.00880
CTA	CTT	AT	0.78148	0.00621	0.00895	-0.78148	0.01357	0.00895	0.00895	0.00895
CTA	CTC	AC	-0.13679	0.00692	0.00645	0.13679	0.00603	0.00645	0.00645	0.00645
CTG	TTG	CT	1.08817	0.00873	0.01432	-1.08817	0.02590	0.01432	0.01432	0.01432
CTG	CTT	GT	0.70613	0.00678	0.00945	-0.70613	0.01373	0.00945	0.00945	0.00945
CTG	CTC	GC	-0.21213	0.00754	0.00677	0.21213	0.00610	0.00677	0.00677	0.00677
CTG	CTA	GA	-0.07534	0.01165	0.01122	0.07534	0.01080	0.01122	0.01122	0.01122
CCT	TCT	CT	-0.16460	0.01527	0.01405	0.16460	0.01295	0.01405	0.00702	0.00702
CCT	CTT	CT	-0.04681	0.01527	0.01491	0.04681	0.01457	0.01491	0.00746	0.00746
CCC	TCC	CT	1.71677	0.00218	0.00456	-1.71677	0.01214	0.00456	0.00228	0.00228
CCC	CTC	CT	1.08817	0.00218	0.00358	-1.08817	0.00648	0.00358	0.00179	0.00179
CCC	CCT	CT	2.05325	0.00218	0.00514	-2.05325	0.01700	0.00514	0.00514	0.00514
CCA	TCA	CT	-0.02620	0.01163	0.01148	0.02620	0.01133	0.01148	0.00574	0.00574
CCA	CTA	CT	-0.26736	0.01163	0.01015	0.26736	0.00890	0.01015	0.00507	0.00507
CCA	CCT	AT	0.56093	0.00904	0.01180	-0.56093	0.01583	0.01180	0.01180	0.01180
CCA	CCC	AC	-1.49231	0.01006	0.00435	1.49231	0.00226	0.00435	0.00435	0.00435
CCG	TCG	CT	0.10734	0.01309	0.01380	-0.10734	0.01457	0.01380	0.00690	0.00690
CCG	CTG	CT	-0.29813	0.01309	0.01123	0.29813	0.00971	0.01123	0.00562	0.00562
CCG	CCT	GT	0.45482	0.01016	0.01265	-0.45482	0.01602	0.01265	0.01265	0.01265
CCG	CCC	GC	-1.59843	0.01132	0.00458	1.59843	0.00229	0.00458	0.00458	0.00458
CCG	CCA	GA	-0.10612	0.01747	0.01656	0.10612	0.01571	0.01656	0.01656	0.01656
CAT	TAT	CT	-0.10030	0.01163	0.01106	0.10030	0.01052	0.01106	0.00553	0.00553
CAT	CTT	AT	0.40678	0.00904	0.01100	-0.40678	0.01357	0.01100	0.00550	0.00550
CAT	CCT	AC	0.45360	0.01006	0.01251	-0.45360	0.01583	0.01251	0.00626	0.00626
CAC	TAC	CT	0.66695	0.00582	0.00797	-0.66695	0.01133	0.00797	0.00399	0.00399
CAC	CTC	AT	0.28900	0.00452	0.00520	-0.28900	0.00603	0.00520	0.00260	0.00260
CAC	CCC	AC	-0.79916	0.00503	0.00328	0.79916	0.00226	0.00328	0.00164	0.00164
CAC	CAT	CT	0.80048	0.00582	0.00845	-0.80048	0.01295	0.00845	0.00845	0.00845
CAA	CTA	AT	-0.08569	0.00904	0.00865	0.08569	0.00829	0.00865	0.00433	0.00433
CAA	CCA	AC	0.18166	0.01006	0.01100	-0.18166	0.01206	0.01100	0.00550	0.00550
CAA	CAT	AT	0.28900	0.00904	0.01040	-0.28900	0.01206	0.01040	0.00520	0.00520
CAA	CAC	AC	-0.51148	0.01006	0.00770	0.51148	0.00603	0.00770	0.00385	0.00385
CAG	CTG	AT	-0.31714	0.01242	0.01056	0.31714	0.00905	0.01056	0.00528	0.00528
CAG	CCG	AC	-0.01901	0.01383	0.01370	0.01901	0.01357	0.01370	0.00685	0.00685
CAG	CAT	GT	-0.01779	0.01242	0.01231	0.01779	0.01220	0.01231	0.00616	0.00616
CAG	CAC	GC	-0.81827	0.01383	0.00894	0.81827	0.00610	0.00894	0.00447	0.00447
CAG	CAA	GA	-0.30679	0.02136	0.01825	0.30679	0.01571	0.01825	0.01825	0.01825
CGT	TGT	CT	-0.20282	0.01091	0.00984	0.20282	0.00890	0.00984	0.00492	0.00492
CGT	CTT	GT	0.48299	0.00847	0.01068	-0.48299	0.01373	0.01068	0.00534	0.00534
CGT	CCT	GC	0.52980	0.00943	0.01215	-0.52980	0.01602	0.01215	0.00607	0.00607
CGT	CAT	GA	0.07621	0.01456	0.01512	-0.07621	0.01571	0.01512	0.00756	0.00756
CGC	TGC	CT	0.80048	0.00291	0.00423	-0.80048	0.00648	0.00423	0.00211	0.00211
CGC	CTC	GT	0.99382	0.00226	0.00356	-0.99382	0.00610	0.00356	0.00178	0.00178
CGC	CCC	GC	-0.09435	0.00251	0.00240	0.09435	0.00229	0.00240	0.00120	0.00120
CGC	CAC	GA	0.70481	0.00388	0.00541	-0.70481	0.00786	0.00541	0.00271	0.00271
CGC	CGT	CT	1.42909	0.00291	0.00547	-1.42909	0.01214	0.00547	0.00547	0.00547
CGA	CTA	GT	0.39598	0.00565	0.00684	-0.39598	0.00839	0.00684	0.00342	0.00342
CGA	CCA	GC	0.66334	0.00629	0.00860	-0.66334	0.01220	0.00860	0.00430	0.00430
CGA	CAA	GA	0.48167	0.00971	0.01223	-0.48167	0.01571	0.01223	0.00612	0.00612
CGA	CGT	AT	0.69447	0.00565	0.00783	-0.69447	0.01131	0.00783	0.00783	0.00783
CGA	CGC	AC	-0.73463	0.00629	0.00426	0.73463	0.00302	0.00426	0.00426	0.00426
CGG	TGG	CT	0.30801	0.00654	0.00760	-0.30801	0.00890	0.00760	0.00380	0.00380
CGG	CTG	GT	0.58835	0.00508	0.00672	-0.58835	0.00915	0.00672	0.00336	0.00336
CGG	CCG	GC	0.88648	0.00566	0.00853	-0.88648	0.01373	0.00853	0.00427	0.00427
CGG	CAG	GA	0.90549	0.00874	0.01328	-0.90549	0.02161	0.01328	0.00664	0.00664
CGG	CGT	GT	0.81149	0.00508	0.00742	-0.81149	0.01144	0.00742	0.00742	0.00742
CGG	CGC	GC	-0.61760	0.00566	0.00409	0.61760	0.00305	0.00409	0.00409	0.00409
CGG	CGA	GA	0.11703	0.00874	0.00926	-0.11703	0.00982	0.00926	0.00926	0.00926
ATT	TTT	AT	0.47132	0.01129	0.01416	-0.47132	0.01809	0.01416	0.00708	0.00708
ATT	CTT	AC	0.07630	0.01257	0.01306	-0.07630	0.01357	0.01306	0.00653	0.00653
ATC	TTC	AT	0.42876	0.01129	0.01389	-0.42876	0.01734	0.01389	0.00694	0.00694
ATC	CTC	AC	-0.73463	0.01257	0.00852	0.73463	0.00603	0.00852	0.00426	0.00426
ATC	ATT	CT	0.10734	0.01454	0.01534	-0.10734	0.01619	0.01534	0.01534	0.01534
ATA	TTA	AT	0.28900	0.00678	0.00780	-0.28900	0.00905	0.00780	0.00390	0.00390
ATA	CTA	AC	0.09465	0.00754	0.00791	-0.09465	0.00829	0.00791	0.00395	0.00395
ATA	ATT	AT	0.79983	0.00678	0.00984	-0.79983	0.01508	0.00984	0.00984	0.00984
ATA	ATC	AC	0.69249	0.00754	0.01046	-0.69249	0.01508	0.01046	0.01046	0.01046
ATG	TTG	AT	0.11715	0.02146	0.02274	-0.11715	0.02413	0.02274	0.01137	0.01137
ATG	CTG	AC	-0.97102	0.02389	0.01414	0.97102	0.00905	0.01414	0.00707	0.00707
ATG	ATT	GT	-0.34119	0.02146	0.01801	0.34119	0.01526	0.01801	0.00900	0.00900
ATG	ATC	GC	-0.44852	0.02389	0.01893	0.44852	0.01526	0.01893	0.00947	0.00947
ATG	ATA	GA	-1.14101	0.03689	0.01976	1.14101	0.01179	0.01976	0.00988	0.00988
ACT	TCT	AT	0.01707	0.01186	0.01196	-0.01707	0.01206	0.01196	0.00598	0.00598
ACT	CCT	AC	0.18166	0.01320	0.01444	-0.18166	0.01583	0.01444	0.00722	0.00722
ACT	ATT	CT	0.05855	0.01527	0.01572	-0.05855	0.01619	0.01572	0.00786	0.00786
ACC	TCC	AT	0.59916	0.00621	0.00826	-0.59916	0.01131	0.00826	0.00413	0.00413
ACC	CCC	AC	-1.11762	0.00692	0.00376	1.11762	0.00226	0.00376	0.00188	0.00188
ACC	ATC	CT	0.70517	0.00800	0.01115	-0.70517	0.01619	0.01115	0.00557	0.00557
ACC	ACT	CT	0.75396	0.00800	0.01139	-0.75396	0.01700	0.01139	0.01139	0.01139
ACA	TCA	AT	0.15547	0.00904	0.00976	-0.15547	0.01056	0.00976	0.00488	0.00488
ACA	CCA	AC	0.18166	0.01006	0.01100	-0.18166	0.01206	0.01100	0.00550	0.00550
ACA	ATA	CT	-0.18035	0.01163	0.01062	0.18035	0.00971	0.01062	0.00531	0.00531
ACA	ACT	AT	0.56093	0.00904	0.01180	-0.56093	0.01583	0.01180	0.01180	0.01180
ACA	ACC	AC	-0.19303	0.01006	0.00912	0.19303	0.00829	0.00912	0.00912	0.00912
ACG	TCG	AT	0.08833	0.01242	0.01298	-0.08833	0.01357	0.01298	0.00649	0.00649
ACG	CCG	AC	-0.01901	0.01383	0.01370	0.01901	0.01357	0.01370	0.00685	0.00685
ACG	ATG	CT	0.65388	0.01600	0.02179	-0.65388	0.03076	0.02179	0.01090	0.01090
ACG	ACT	GT	0.25415	0.01242	0.01407	-0.25415	0.01602	0.01407	0.01407	0.01407
ACG	ACC	GC	-0.49982	0.01383	0.01066	0.49982	0.00839	0.01066	0.01066	0.01066
ACG	ACA	GA	-0.30679	0.02136	0.01825	0.30679	0.01571	0.01825	0.01825	0.01825
AAT	TAT	AT	-0.47825	0.01581	0.01233	0.47825	0.00980	0.01233	0.00617	0.00617
AAT	CAT	AC	-0.37795	0.01760	0.01449	0.37795	0.01206	0.01449	0.00724	0.00724
AAT	ATT	AT	-0.04747	0.01581	0.01544	0.04747	0.01508	0.01544	0.00772	0.00772
AAT	ACT	AC	-0.10602	0.01760	0.01669	0.10602	0.01583	0.01669	0.00834	0.00834
AAC	TAC	AT	-0.20744	0.01299	0.01169	0.20744	0.01056	0.01169	0.00584	0.00584
AAC	CAC	AC	-0.87439	0.01446	0.00905	0.87439	0.00603	0.00905	0.00452	0.00452
AAC	ATC	AT	0.14924	0.01299	0.01398	-0.14924	0.01508	0.01398	0.00699	0.00699
AAC	ACC	AC	-0.55593	0.01446	0.01081	0.55593	0.00829	0.01081	0.00541	0.00541
AAC	AAT	CT	0.30405	0.01672	0.01939	-0.30405	0.02267	0.01939	0.01939	0.01939
AAA	CAA	AC	-0.68333	0.02389	0.01665	0.68333	0.01206	0.01665	0.00833	0.00833
AAA	ATA	AT	-0.86368	0.02146	0.01351	0.86368	0.00905	0.01351	0.00675	0.00675
AAA	ACA	AC	-0.68333	0.02389	0.01665	0.68333	0.01206	0.01665	0.00833	0.00833
AAA	AAT	AT	-0.01638	0.02146	0.02128	0.01638	0.02111	0.02128	0.01064	0.01064
AAA	AAC	AC	-0.32043	0.02389	0.02027	0.32043	0.01734	0.02027	0.01013	0.01013
AAG	CAG	AC	-0.80483	0.03709	0.02415	0.80483	0.01659	0.02415	0.01207	0.01207
AAG	ATG	AT	-0.15095	0.03332	0.03087	0.15095	0.02865	0.03087	0.01543	0.01543
AAG	ACG	AC	-0.80483	0.03709	0.02415	0.80483	0.01659	0.02415	0.01207	0.01207
AAG	AAT	GT	-0.44467	0.03332	0.02646	0.44467	0.02136	0.02646	0.01323	0.01323
AAG	AAC	GC	-0.74871	0.03709	0.02492	0.74871	0.01754	0.02492	0.01246	0.01246
AAG	AAA	GA	-0.42828	0.05727	0.04588	0.42828	0.03732	0.04588	0.04588	0.04588
AGT	TGT	AT	-0.71430	0.01694	0.01160	0.71430	0.00829	0.01160	0.00580	0.00580
AGT	CGT	AC	-0.51148	0.01886	0.01445	0.51148	0.01131	0.01445	0.00722	0.00722
AGT	ATT	GT	-0.10480	0.01694	0.01607	0.10480	0.01526	0.01607	0.00803	0.00803
AGT	ACT	GC	-0.16334	0.01886	0.01736	0.16334	0.01602	0.01736	0.00868	0.00868
AGT	AAT	GA	-0.05733	0.02912	0.02830	0.05733	0.02750	0.02830	0.01415	0.01415
AGC	TGC	AT	0.06586	0.00565	0.00584	-0.06586	0.00603	0.00584	0.00292	0.00292
AGC	CGC	AC	-0.73463	0.00629	0.00426	0.73463	0.00302	0.00426	0.00213	0.00213
AGC	ATC	GT	0.99382	0.00565	0.00891	-0.99382	0.01526	0.00891	0.00446	0.00446
AGC	ACC	GC	0.28864	0.00629	0.00724	-0.28864	0.00839	0.00724	0.00362	0.00362
AGC	AAC	GA	0.84458	0.00971	0.01438	-0.84458	0.02259	0.01438	0.00719	0.00719
AGC	AGT	CT	1.20595	0.00727	0.01252	-1.20595	0.02428	0.01252	0.01252	0.01252
AGA	CGA	AC	-1.22932	0.02578	0.01310	1.22932	0.00754	0.01310	0.01310	0.01310
AGA	ATA	GT	-0.92800	0.02315	0.01405	0.92800	0.00915	0.01405	0.00702	0.00702
AGA	ACA	GC	-0.74765	0.02578	0.01733	0.74765	0.01220	0.01733	0.00867	0.00867
AGA	AAA	GA	-0.06432	0.03980	0.03853	0.06432	0.03732	0.03853	0.01927	0.01927
AGA	AGT	AT	-0.02337	0.02315	0.02288	0.02337	0.02262	0.02288	0.01144	0.01144
AGA	AGC	AC	-1.22932	0.02578	0.01310	1.22932	0.00754	0.01310	0.00655	0.00655
AGG	TGG	AT	-0.92402	0.02089	0.01271	0.92402	0.00829	0.01271	0.00635	0.00635
AGG	CGG	AC	-1.23203	0.02326	0.01180	1.23203	0.00679	0.01180	0.01180	0.01180
AGG	ATG	GT	0.32734	0.02089	0.02450	-0.32734	0.02899	0.02450	0.01225	0.01225
AGG	ACG	GC	-0.32654	0.02326	0.01967	0.32654	0.01678	0.01967	0.00983	0.00983
AGG	AAG	GA	0.47829	0.03592	0.04519	-0.47829	0.05795	0.04519	0.02259	0.02259
AGG	AGT	GT	0.09095	0.02089	0.02186	-0.09095	0.02288	0.02186	0.01093	0.01093
AGG	AGC	GC	-1.11500	0.02326	0.01265	1.11500	0.00763	0.01265	0.00633	0.00633
AGG	AGA	GA	0.11432	0.03592	0.03801	-0.11432	0.04027	0.03801	0.03801	0.03801
GTT	TTT	GT	-0.25895	0.02372	0.02078	0.25895	0.01831	0.02078	0.01039	0.01039
GTT	CTT	GC	-0.65397	0.02640	0.01871	0.65397	0.01373	0.01871	0.00935	0.00935
GTT	ATT	GA	-0.73027	0.04077	0.02768	0.73027	0.01964	0.02768	0.01384	0.01384
GTC	TTC	GT	1.23894	0.00508	0.00886	-1.23894	0.01754	0.00886	0.00443	0.00443
GTC	CTC	GC	0.07555	0.00566	0.00587	-0.07555	0.00610	0.00587	0.00294	0.00294
GTC	ATC	GA	0.81017	0.00874	0.01275	-0.81017	0.01964	0.01275	0.00637	0.00637
GTC	GTT	CT	1.64778	0.00654	0.01335	-1.64778	0.03400	0.01335	0.01335	0.01335
GTA	TTA	GT	0.38768	0.00621	0.00749	-0.38768	0.00915	0.00749	0.00375	0.00375
GTA	CTA	GC	0.19333	0.00692	0.00761	-0.19333	0.00839	0.00761	0.00380	0.00380
GTA	ATA	GA	0.09868	0.01068	0.01121	-0.09868	0.01179	0.01121	0.00561	0.00561
GTA	GTT	AT	1.62877	0.00621	0.01259	-1.62877	0.03167	0.01259	0.01259	0.01259
GTA	GTC	AC	-0.01901	0.00692	0.00685	0.01901	0.00679	0.00685	0.00685	0.00685
GTG	TTG	GT	0.18288	0.02033	0.02224	-0.18288	0.02441	0.02224	0.01112	0.01112
GTG	CTG	GC	-0.90528	0.02263	0.01391	0.90528	0.00915	0.01391	0.00696	0.00696
GTG	ATG	GA	0.06573	0.03495	0.03611	-0.06573	0.03732	0.03611	0.01805	0.01805
GTG	GTT	GT	0.45482	0.02033	0.02530	-0.45482	0.03204	0.02530	0.02530	0.02530
GTG	GTC	GC	-1.19296	0.02263	0.01176	1.19296	0.00686	0.01176	0.01176	0.01176
GTG	GTA	GA	-1.17396	0.03495	0.01836	1.17396	0.01080	0.01836	0.01836	0.01836
GCT	TCT	GT	-0.29404	0.01638	0.01409	0.29404	0.01220	0.01409	0.00704	0.00704
GCT	CCT	GC	-0.12944	0.01823	0.01708	0.12944	0.01602	0.01708	0.00854	0.00854
GCT	ACT	GA	-0.31111	0.02815	0.02400	0.31111	0.02062	0.02400	0.01200	0.01200
GCT	GTT	CT	0.47771	0.02109	0.02652	-0.47771	0.03400	0.02652	0.01326	0.01326
GCC	TCC	GT	1.06281	0.00395	0.00642	-1.06281	0.01144	0.00642	0.00321	0.00321
GCC	CCC	GC	-0.65397	0.00440	0.00312	0.65397	0.00229	0.00312	0.00156	0.00156
GCC	ACC	GA	0.46365	0.00680	0.00849	-0.46365	0.01080	0.00849	0.00425	0.00425
GCC	GTC	CT	0.35865	0.00509	0.00606	-0.35865	0.00729	0.00606	0.00303	0.00303
GCC	GCT	CT	1.52872	0.00509	0.00993	-1.52872	0.02348	0.00993	0.00993	0.00993
GCA	TCA	GT	0.45482	0.00678	0.00843	-0.45482	0.01068	0.00843	0.00422	0.00422
GCA	CCA	GC	0.48101	0.00754	0.00950	-0.48101	0.01220	0.00950	0.00475	0.00475
GCA	ACA	GA	0.29935	0.01165	0.01348	-0.29935	0.01571	0.01348	0.00674	0.00674
GCA	GTA	CT	0.02032	0.00873	0.00881	-0.02032	0.00890	0.00881	0.00441	0.00441
GCA	GCT	AT	1.17139	0.00678	0.01150	-1.17139	0.02186	0.01150	0.01150	0.01150
GCA	GCC	AC	-0.35733	0.00754	0.00628	0.35733	0.00528	0.00628	0.00628	0.00628
GCG	TCG	GT	0.99382	0.00508	0.00802	-0.99382	0.01373	0.00802	0.00401	0.00401
GCG	CCG	GC	0.88648	0.00566	0.00853	-0.88648	0.01373	0.00853	0.00427	0.00427
GCG	ACG	GA	0.90549	0.00874	0.01328	-0.90549	0.02161	0.01328	0.00664	0.00664
GCG	GTG	CT	1.49363	0.00654	0.01260	-1.49363	0.02914	0.01260	0.00630	0.00630
GCG	GCT	GT	1.47074	0.00508	0.00970	-1.47074	0.02212	0.00970	0.00970	0.00970
GCG	GCC	GC	-0.05798	0.00566	0.00550	0.05798	0.00534	0.00550	0.00550	0.00550
GCG	GCA	GA	0.29935	0.00874	0.01011	-0.29935	0.01179	0.01011	0.01011	0.01011
GAT	TAT	GT	-1.19483	0.03275	0.01699	1.19483	0.00992	0.01699	0.00850	0.00850
GAT	CAT	GC	-1.09452	0.03646	0.02008	1.09452	0.01220	0.02008	0.01004	0.01004
GAT	AAT	GA	-0.71657	0.05630	0.03852	0.71657	0.02750	0.03852	0.01926	0.01926
GAT	GTT	AT	-0.03377	0.03275	0.03220	0.03377	0.03167	0.03220	0.01610	0.01610
GAT	GCT	AC	-0.51148	0.03646	0.02793	0.51148	0.02186	0.02793	0.01397	0.01397
GAC	TAC	GT	-0.39248	0.01581	0.01291	0.39248	0.01068	0.01291	0.00646	0.00646
GAC	CAC	GC	-1.05943	0.01760	0.00990	1.05943	0.00610	0.00990	0.00495	0.00495
GAC	AAC	GA	-0.18504	0.02718	0.02474	0.18504	0.02259	0.02474	0.01237	0.01237
GAC	GTC	AT	-0.84598	0.01581	0.01006	0.84598	0.00679	0.01006	0.00503	0.00503
GAC	GCC	AC	-1.20463	0.01760	0.00908	1.20463	0.00528	0.00908	0.00454	0.00454
GAC	GAT	CT	0.83557	0.02036	0.03004	-0.83557	0.04695	0.03004	0.03004	0.03004
GAA	CAA	GC	-1.11162	0.03709	0.02022	1.11162	0.01220	0.02022	0.01011	0.01011
GAA	AAA	GA	-0.42828	0.05727	0.04588	0.42828	0.03732	0.04588	0.02294	0.02294
GAA	GTA	AT	-1.39064	0.03332	0.01535	1.39064	0.00829	0.01535	0.00768	0.00768
GAA	GCA	AC	-1.41097	0.03709	0.01688	1.41097	0.00905	0.01688	0.00844	0.00844
GAA	GAT	AT	0.27191	0.03332	0.03805	-0.27191	0.04373	0.03805	0.01903	0.01903
GAA	GAC	AC	-0.56367	0.03709	0.02762	0.56367	0.02111	0.02762	0.01381	0.01381
GAG	CAG	GC	-1.18153	0.05470	0.02860	1.18153	0.01678	0.02860	0.01430	0.01430
GAG	AAG	GA	-0.37670	0.08446	0.06954	0.37670	0.05795	0.06954	0.03477	0.03477
GAG	GTG	AT	-0.59339	0.04913	0.03599	0.59339	0.02714	0.03599	0.01799	0.01799
GAG	GCG	AC	-2.08702	0.05470	0.01617	2.08702	0.00679	0.01617	0.00808	0.00808
GAG	GAT	GT	-0.10480	0.04913	0.04660	0.10480	0.04424	0.04660	0.02330	0.02330
GAG	GAC	GC	-0.94037	0.05470	0.03295	0.94037	0.02136	0.03295	0.01648	0.01648
GAG	GAA	GA	-0.37670	0.08446	0.06954	0.37670	0.05795	0.06954	0.06954	0.06954
GGT	TGT	GT	-0.19181	0.01016	0.00922	0.19181	0.00839	0.00922	0.00461	0.00461
GGT	CGT	GC	0.01101	0.01132	0.01138	-0.01101	0.01144	0.01138	0.00569	0.00569
GGT	AGT	GA	0.52249	0.01747	0.02243	-0.52249	0.02946	0.02243	0.01122	0.01122
GGT	GTT	GT	1.14797	0.01016	0.01709	-1.14797	0.03204	0.01709	0.00855	0.00855
GGT	GCT	GC	0.67026	0.01132	0.01553	-0.67026	0.02212	0.01553	0.00776	0.00776
GGT	GAT	GA	1.18174	0.01747	0.02979	-1.18174	0.05696	0.02979	0.01489	0.01489
GGC	TGC	GT	0.30067	0.00452	0.00523	-0.30067	0.00610	0.00523	0.00262	0.00262
GGC	CGC	GC	-0.49982	0.00503	0.00388	0.49982	0.00305	0.00388	0.00194	0.00194
GGC	AGC	GA	0.23481	0.00777	0.00871	-0.23481	0.00982	0.00871	0.00436	0.00436
GGC	GTC	GT	0.41845	0.00452	0.00553	-0.41845	0.00686	0.00553	0.00276	0.00276
GGC	GCC	GC	0.05980	0.00503	0.00518	-0.05980	0.00534	0.00518	0.00259	0.00259
GGC	GAC	GA	1.26443	0.00777	0.01368	-1.26443	0.02750	0.01368	0.00684	0.00684
GGC	GGT	CT	0.91827	0.00582	0.00889	-0.91827	0.01457	0.00889	0.00889	0.00889
GGA	CGA	GC	-1.21766	0.02578	0.01319	1.21766	0.00763	0.01319	0.00660	0.00660
GGA	AGA	GA	0.01167	0.03980	0.04003	-0.01167	0.04027	0.04003	0.02002	0.02002
GGA	GTA	GT	-1.01501	0.02315	0.01336	1.01501	0.00839	0.01336	0.00668	0.00668
GGA	GCA	GC	-1.03533	0.02578	0.01470	1.03533	0.00915	0.01470	0.00735	0.00735
GGA	GAA	GA	0.37563	0.03980	0.04774	-0.37563	0.05795	0.04774	0.02387	0.02387
GGA	GGT	AT	-0.53420	0.02315	0.01752	0.53420	0.01357	0.01752	0.01752	0.01752
GGA	GGC	AC	-1.45247	0.02578	0.01144	1.45247	0.00603	0.01144	0.01144	0.01144
GGG	TGG	GT	0.13361	0.00734	0.00784	-0.13361	0.00839	0.00784	0.00392	0.00392
GGG	CGG	GC	-0.17439	0.00817	0.00748	0.17439	0.00686	0.00748	0.00374	0.00374
GGG	AGG	GA	1.05764	0.01262	0.02045	-1.05764	0.03634	0.02045	0.01022	0.01022
GGG	GTG	GT	1.31924	0.00734	0.01322	-1.31924	0.02746	0.01322	0.00661	0.00661
GGG	GCG	GC	-0.17439	0.00817	0.00748	0.17439	0.00686	0.00748	0.00374	0.00374
GGG	GAG	GA	1.91263	0.01262	0.02832	-1.91263	0.08545	0.02832	0.01416	0.01416
GGG	GGT	GT	0.62609	0.00734	0.00988	-0.62609	0.01373	0.00988	0.00988	0.00988
GGG	GGC	GC	-0.29218	0.00817	0.00704	0.29218	0.00610	0.00704	0.00704	0.00704
GGG	GGA	GA	1.16029	0.01262	0.02133	-1.16029	0.04027	0.02133	0.02133	0.02133


Histograms
2Ns	FMut	FSub(CodonUsage)	FSubw(after w)

-1.98764	0.01881	0.00645	0.00579
-1.78887	0.00145	0.00059	0.00048
-1.59011	0.01672	0.00747	0.01080
-1.39135	0.02392	0.01193	0.01250
-1.19258	0.07696	0.04383	0.04622
-0.99382	0.05805	0.03715	0.03552
-0.79505	0.07468	0.05340	0.05288
-0.59629	0.07303	0.05811	0.05610
-0.39753	0.12712	0.11255	0.11708
-0.19876	0.10010	0.09930	0.10159
0.00000	0.12749	0.13843	0.12206
0.19876	0.08379	0.09930	0.10159
0.39753	0.08564	0.11255	0.11708
0.59629	0.04039	0.05811	0.05610
0.79505	0.03408	0.05340	0.05288
0.99382	0.02183	0.03715	0.03552
1.19258	0.02372	0.04383	0.04622
1.39135	0.00592	0.01193	0.01250
1.59011	0.00346	0.00747	0.01080
1.78887	0.00026	0.00059	0.00048
1.98764	0.00258	0.00645	0.00579

Proportion of advantageous (S > 0) mutations:
 0.36395

Proportions of good & bad mutations (|S| > 2.0000) among mutations:
0.00107  0.00858

mean |Ns| = 0.59105	mean Ns+ = 0.46784	mean Ns- = -0.66155
