Supplemental results for CODEML (seqf: aligned.fas  treef: AT1G68520_AT1G68520.1_Athaliana_Araport11.treefile)

I	J	ij	2Ns_IJ	pMut_IJ	pSub_IJ	2Ns_JI	pMut_JI	pSub_JI

TTC	TTT	CT	0.14995	0.01675	0.01804	-0.14995	0.01946	0.01804	0.01804	0.01804
TTA	TTT	AT	0.98136	0.00679	0.01065	-0.98136	0.01811	0.01065	0.00533	0.00533
TTA	TTC	AC	0.83141	0.00756	0.01113	-0.83141	0.01736	0.01113	0.00556	0.00556
TTG	TTT	GT	0.01134	0.01810	0.01820	-0.01134	0.01831	0.01820	0.00910	0.00910
TTG	TTC	GC	-0.13861	0.02015	0.01879	0.13861	0.01754	0.01879	0.00939	0.00939
TTG	TTA	GA	-0.97002	0.03109	0.01841	0.97002	0.01179	0.01841	0.01841	0.01841
TCT	TTT	CT	0.51285	0.01165	0.01489	-0.51285	0.01946	0.01489	0.00745	0.00745
TCC	TTC	CT	0.53483	0.01092	0.01410	-0.53483	0.01865	0.01410	0.00705	0.00705
TCC	TCT	CT	0.17193	0.01092	0.01189	-0.17193	0.01297	0.01189	0.01189	0.01189
TCA	TTA	CT	-0.04676	0.01020	0.00996	0.04676	0.00973	0.00996	0.00498	0.00498
TCA	TCT	AT	0.42175	0.00792	0.00971	-0.42175	0.01207	0.00971	0.00971	0.00971
TCA	TCC	AC	0.24982	0.00882	0.00996	-0.24982	0.01132	0.00996	0.00996	0.00996
TCG	TTG	CT	0.68275	0.01311	0.01809	-0.68275	0.02595	0.01809	0.00904	0.00904
TCG	TCT	GT	0.18124	0.01018	0.01113	-0.18124	0.01220	0.01113	0.01113	0.01113
TCG	TCC	GC	0.00931	0.01134	0.01139	-0.00931	0.01144	0.01139	0.01139	0.01139
TCG	TCA	GA	-0.24051	0.01749	0.01547	0.24051	0.01375	0.01547	0.01547	0.01547
TAT	TTT	AT	0.90132	0.00735	0.01116	-0.90132	0.01811	0.01116	0.00558	0.00558
TAT	TCT	AC	0.38846	0.00819	0.00988	-0.38846	0.01207	0.00988	0.00494	0.00494
TAC	TTC	AT	0.78465	0.00792	0.01143	-0.78465	0.01736	0.01143	0.00571	0.00571
TAC	TCC	AC	0.24982	0.00882	0.00996	-0.24982	0.01132	0.00996	0.00498	0.00498
TAC	TAT	CT	0.03328	0.01020	0.01037	-0.03328	0.01054	0.01037	0.01037	0.01037
TGT	TTT	GT	1.07918	0.00622	0.01017	-1.07918	0.01831	0.01017	0.00509	0.00509
TGT	TCT	GC	0.56633	0.00693	0.00907	-0.56633	0.01220	0.00907	0.00454	0.00454
TGT	TAT	GA	0.17786	0.01069	0.01167	-0.17786	0.01277	0.01167	0.00583	0.00583
TGC	TTC	GT	1.35507	0.00453	0.00826	-1.35507	0.01754	0.00826	0.00413	0.00413
TGC	TCC	GC	0.82024	0.00504	0.00738	-0.82024	0.01144	0.00738	0.00369	0.00369
TGC	TAC	GA	0.57042	0.00777	0.01020	-0.57042	0.01375	0.01020	0.00510	0.00510
TGC	TGT	CT	0.42584	0.00583	0.00715	-0.42584	0.00892	0.00715	0.00715	0.00715
TGG	TTG	GT	1.36686	0.00622	0.01141	-1.36686	0.02441	0.01141	0.00571	0.00571
TGG	TCG	GC	0.68411	0.00693	0.00956	-0.68411	0.01373	0.00956	0.00478	0.00478
TGG	TGT	GT	0.29902	0.00622	0.00720	-0.29902	0.00839	0.00720	0.00360	0.00360
TGG	TGC	GC	-0.12682	0.00693	0.00650	0.12682	0.00610	0.00650	0.00325	0.00325
CTT	TTT	CT	0.39507	0.01311	0.01587	-0.39507	0.01946	0.01587	0.00793	0.00793
CTC	TTC	CT	1.16344	0.00583	0.00986	-1.16344	0.01865	0.00986	0.00493	0.00493
CTC	CTT	CT	0.91832	0.00583	0.00891	-0.91832	0.01460	0.00891	0.00891	0.00891
CTA	TTA	CT	0.19440	0.00801	0.00882	-0.19440	0.00973	0.00882	0.00882	0.00882
CTA	CTT	AT	0.78069	0.00622	0.00896	-0.78069	0.01358	0.00896	0.00896	0.00896
CTA	CTC	AC	-0.13763	0.00693	0.00646	0.13763	0.00604	0.00646	0.00646	0.00646
CTG	TTG	CT	1.08822	0.00874	0.01434	-1.08822	0.02595	0.01434	0.01434	0.01434
CTG	CTT	GT	0.70449	0.00679	0.00946	-0.70449	0.01373	0.00946	0.00946	0.00946
CTG	CTC	GC	-0.21383	0.00756	0.00678	0.21383	0.00610	0.00678	0.00678	0.00678
CTG	CTA	GA	-0.07620	0.01166	0.01122	0.07620	0.01080	0.01122	0.01122	0.01122
CCT	TCT	CT	-0.16454	0.01529	0.01407	0.16454	0.01297	0.01407	0.00704	0.00704
CCT	CTT	CT	-0.04676	0.01529	0.01494	0.04676	0.01460	0.01494	0.00747	0.00747
CCC	TCC	CT	1.71683	0.00218	0.00457	-1.71683	0.01216	0.00457	0.00229	0.00229
CCC	CTC	CT	1.08822	0.00218	0.00359	-1.08822	0.00649	0.00359	0.00179	0.00179
CCC	CCT	CT	2.05330	0.00218	0.00515	-2.05330	0.01703	0.00515	0.00515	0.00515
CCA	TCA	CT	-0.02614	0.01165	0.01150	0.02614	0.01135	0.01150	0.00575	0.00575
CCA	CTA	CT	-0.26730	0.01165	0.01016	0.26730	0.00892	0.01016	0.00508	0.00508
CCA	CCT	AT	0.56015	0.00905	0.01182	-0.56015	0.01585	0.01182	0.01182	0.01182
CCA	CCC	AC	-1.49315	0.01008	0.00436	1.49315	0.00226	0.00436	0.00436	0.00436
CCG	TCG	CT	0.10739	0.01311	0.01383	-0.10739	0.01460	0.01383	0.00691	0.00691
CCG	CTG	CT	-0.29808	0.01311	0.01125	0.29808	0.00973	0.01125	0.00563	0.00563
CCG	CCT	GT	0.45317	0.01018	0.01266	-0.45317	0.01602	0.01266	0.01266	0.01266
CCG	CCC	GC	-1.60013	0.01134	0.00459	1.60013	0.00229	0.00459	0.00459	0.00459
CCG	CCA	GA	-0.10698	0.01749	0.01657	0.10698	0.01571	0.01657	0.01657	0.01657
CAT	TAT	CT	-0.10025	0.01165	0.01108	0.10025	0.01054	0.01108	0.00554	0.00554
CAT	CTT	AT	0.40600	0.00905	0.01101	-0.40600	0.01358	0.01101	0.00551	0.00551
CAT	CCT	AC	0.45276	0.01008	0.01253	-0.45276	0.01585	0.01253	0.00626	0.00626
CAC	TAC	CT	0.66701	0.00583	0.00798	-0.66701	0.01135	0.00798	0.00399	0.00399
CAC	CTC	AT	0.28821	0.00453	0.00521	-0.28821	0.00604	0.00521	0.00260	0.00260
CAC	CCC	AC	-0.80000	0.00504	0.00329	0.80000	0.00226	0.00329	0.00164	0.00164
CAC	CAT	CT	0.80054	0.00583	0.00847	-0.80054	0.01297	0.00847	0.00847	0.00847
CAA	CTA	AT	-0.08648	0.00905	0.00866	0.08648	0.00830	0.00866	0.00433	0.00433
CAA	CCA	AC	0.18082	0.01008	0.01101	-0.18082	0.01207	0.01101	0.00551	0.00551
CAA	CAT	AT	0.28821	0.00905	0.01042	-0.28821	0.01207	0.01042	0.00521	0.00521
CAA	CAC	AC	-0.51232	0.01008	0.00771	0.51232	0.00604	0.00771	0.00386	0.00386
CAG	CTG	AT	-0.31792	0.01244	0.01057	0.31792	0.00905	0.01057	0.00529	0.00529
CAG	CCG	AC	-0.01985	0.01385	0.01372	0.01985	0.01358	0.01372	0.00686	0.00686
CAG	CAT	GT	-0.01943	0.01244	0.01232	0.01943	0.01220	0.01232	0.00616	0.00616
CAG	CAC	GC	-0.81997	0.01385	0.00894	0.81997	0.00610	0.00894	0.00447	0.00447
CAG	CAA	GA	-0.30765	0.02137	0.01825	0.30765	0.01571	0.01825	0.01825	0.01825
CGT	TGT	CT	-0.20277	0.01092	0.00985	0.20277	0.00892	0.00985	0.00493	0.00493
CGT	CTT	GT	0.48134	0.00848	0.01069	-0.48134	0.01373	0.01069	0.00534	0.00534
CGT	CCT	GC	0.52810	0.00945	0.01216	-0.52810	0.01602	0.01216	0.00608	0.00608
CGT	CAT	GA	0.07535	0.01457	0.01513	-0.07535	0.01571	0.01513	0.00756	0.00756
CGC	TGC	CT	0.80054	0.00291	0.00423	-0.80054	0.00649	0.00423	0.00212	0.00212
CGC	CTC	GT	0.99217	0.00226	0.00357	-0.99217	0.00610	0.00357	0.00178	0.00178
CGC	CCC	GC	-0.09605	0.00252	0.00240	0.09605	0.00229	0.00240	0.00120	0.00120
CGC	CAC	GA	0.70395	0.00389	0.00541	-0.70395	0.00786	0.00541	0.00271	0.00271
CGC	CGT	CT	1.42915	0.00291	0.00547	-1.42915	0.01216	0.00547	0.00547	0.00547
CGA	CTA	GT	0.39433	0.00566	0.00684	-0.39433	0.00839	0.00684	0.00342	0.00342
CGA	CCA	GC	0.66164	0.00630	0.00861	-0.66164	0.01220	0.00861	0.00430	0.00430
CGA	CAA	GA	0.48081	0.00972	0.01224	-0.48081	0.01571	0.01224	0.00612	0.00612
CGA	CGT	AT	0.69368	0.00566	0.00784	-0.69368	0.01132	0.00784	0.00784	0.00784
CGA	CGC	AC	-0.73547	0.00630	0.00426	0.73547	0.00302	0.00426	0.00426	0.00426
CGG	TGG	CT	0.30806	0.00655	0.00762	-0.30806	0.00892	0.00762	0.00381	0.00381
CGG	CTG	GT	0.58670	0.00509	0.00673	-0.58670	0.00915	0.00673	0.00336	0.00336
CGG	CCG	GC	0.88478	0.00567	0.00854	-0.88478	0.01373	0.00854	0.00427	0.00427
CGG	CAG	GA	0.90462	0.00874	0.01329	-0.90462	0.02161	0.01329	0.00664	0.00664
CGG	CGT	GT	0.80985	0.00509	0.00743	-0.80985	0.01144	0.00743	0.00743	0.00743
CGG	CGC	GC	-0.61930	0.00567	0.00409	0.61930	0.00305	0.00409	0.00409	0.00409
CGG	CGA	GA	0.11617	0.00874	0.00926	-0.11617	0.00982	0.00926	0.00926	0.00926
ATT	TTT	AT	0.47054	0.01131	0.01418	-0.47054	0.01811	0.01418	0.00709	0.00709
ATT	CTT	AC	0.07546	0.01260	0.01308	-0.07546	0.01358	0.01308	0.00654	0.00654
ATC	TTC	AT	0.42798	0.01131	0.01391	-0.42798	0.01736	0.01391	0.00695	0.00695
ATC	CTC	AC	-0.73547	0.01260	0.00853	0.73547	0.00604	0.00853	0.00426	0.00426
ATC	ATT	CT	0.10739	0.01457	0.01536	-0.10739	0.01622	0.01536	0.01536	0.01536
ATA	TTA	AT	0.28821	0.00679	0.00781	-0.28821	0.00905	0.00781	0.00391	0.00391
ATA	CTA	AC	0.09381	0.00756	0.00792	-0.09381	0.00830	0.00792	0.00396	0.00396
ATA	ATT	AT	0.79904	0.00679	0.00986	-0.79904	0.01509	0.00986	0.00986	0.00986
ATA	ATC	AC	0.69165	0.00756	0.01047	-0.69165	0.01509	0.01047	0.01047	0.01047
ATG	TTG	AT	0.11636	0.02149	0.02277	-0.11636	0.02415	0.02277	0.01138	0.01138
ATG	CTG	AC	-0.97186	0.02393	0.01416	0.97186	0.00905	0.01416	0.00708	0.00708
ATG	ATT	GT	-0.34283	0.02149	0.01802	0.34283	0.01526	0.01802	0.00901	0.00901
ATG	ATC	GC	-0.45022	0.02393	0.01895	0.45022	0.01526	0.01895	0.00947	0.00947
ATG	ATA	GA	-1.14187	0.03692	0.01977	1.14187	0.01179	0.01977	0.00988	0.00988
ACT	TCT	AT	0.01628	0.01188	0.01198	-0.01628	0.01207	0.01198	0.00599	0.00599
ACT	CCT	AC	0.18082	0.01322	0.01446	-0.18082	0.01585	0.01446	0.00723	0.00723
ACT	ATT	CT	0.05860	0.01529	0.01575	-0.05860	0.01622	0.01575	0.00787	0.00787
ACC	TCC	AT	0.59837	0.00622	0.00827	-0.59837	0.01132	0.00827	0.00413	0.00413
ACC	CCC	AC	-1.11846	0.00693	0.00376	1.11846	0.00226	0.00376	0.00188	0.00188
ACC	ATC	CT	0.70523	0.00801	0.01117	-0.70523	0.01622	0.01117	0.00558	0.00558
ACC	ACT	CT	0.75402	0.00801	0.01141	-0.75402	0.01703	0.01141	0.01141	0.01141
ACA	TCA	AT	0.15468	0.00905	0.00977	-0.15468	0.01056	0.00977	0.00488	0.00488
ACA	CCA	AC	0.18082	0.01008	0.01101	-0.18082	0.01207	0.01101	0.00551	0.00551
ACA	ATA	CT	-0.18029	0.01165	0.01063	0.18029	0.00973	0.01063	0.00532	0.00532
ACA	ACT	AT	0.56015	0.00905	0.01182	-0.56015	0.01585	0.01182	0.01182	0.01182
ACA	ACC	AC	-0.19387	0.01008	0.00913	0.19387	0.00830	0.00913	0.00913	0.00913
ACG	TCG	AT	0.08754	0.01244	0.01300	-0.08754	0.01358	0.01300	0.00650	0.00650
ACG	CCG	AC	-0.01985	0.01385	0.01372	0.01985	0.01358	0.01372	0.00686	0.00686
ACG	ATG	CT	0.65393	0.01602	0.02183	-0.65393	0.03081	0.02183	0.01091	0.01091
ACG	ACT	GT	0.25250	0.01244	0.01408	-0.25250	0.01602	0.01408	0.01408	0.01408
ACG	ACC	GC	-0.50152	0.01385	0.01067	0.50152	0.00839	0.01067	0.01067	0.01067
ACG	ACA	GA	-0.30765	0.02137	0.01825	0.30765	0.01571	0.01825	0.01825	0.01825
AAT	TAT	AT	-0.47904	0.01584	0.01235	0.47904	0.00981	0.01235	0.00617	0.00617
AAT	CAT	AC	-0.37879	0.01763	0.01450	0.37879	0.01207	0.01450	0.00725	0.00725
AAT	ATT	AT	-0.04826	0.01584	0.01546	0.04826	0.01509	0.01546	0.00773	0.00773
AAT	ACT	AC	-0.10686	0.01763	0.01671	0.10686	0.01585	0.01671	0.00835	0.00835
AAC	TAC	AT	-0.20822	0.01301	0.01170	0.20822	0.01056	0.01170	0.00585	0.00585
AAC	CAC	AC	-0.87523	0.01448	0.00906	0.87523	0.00604	0.00906	0.00453	0.00453
AAC	ATC	AT	0.14845	0.01301	0.01400	-0.14845	0.01509	0.01400	0.00700	0.00700
AAC	ACC	AC	-0.55677	0.01448	0.01082	0.55677	0.00830	0.01082	0.00541	0.00541
AAC	AAT	CT	0.30410	0.01675	0.01943	-0.30410	0.02270	0.01943	0.01943	0.01943
AAA	CAA	AC	-0.68417	0.02393	0.01667	0.68417	0.01207	0.01667	0.00834	0.00834
AAA	ATA	AT	-0.86447	0.02149	0.01353	0.86447	0.00905	0.01353	0.00676	0.00676
AAA	ACA	AC	-0.68417	0.02393	0.01667	0.68417	0.01207	0.01667	0.00834	0.00834
AAA	AAT	AT	-0.01717	0.02149	0.02131	0.01717	0.02113	0.02131	0.01066	0.01066
AAA	AAC	AC	-0.32127	0.02393	0.02029	0.32127	0.01736	0.02029	0.01015	0.01015
AAG	CAG	AC	-0.80567	0.03716	0.02418	0.80567	0.01660	0.02418	0.01209	0.01209
AAG	ATG	AT	-0.15174	0.03337	0.03090	0.15174	0.02867	0.03090	0.01545	0.01545
AAG	ACG	AC	-0.80567	0.03716	0.02418	0.80567	0.01660	0.02418	0.01209	0.01209
AAG	AAT	GT	-0.44631	0.03337	0.02648	0.44631	0.02136	0.02648	0.01324	0.01324
AAG	AAC	GC	-0.75041	0.03716	0.02494	0.75041	0.01754	0.02494	0.01247	0.01247
AAG	AAA	GA	-0.42914	0.05732	0.04590	0.42914	0.03732	0.04590	0.04590	0.04590
AGT	TGT	AT	-0.71509	0.01697	0.01162	0.71509	0.00830	0.01162	0.00581	0.00581
AGT	CGT	AC	-0.51232	0.01889	0.01446	0.51232	0.01132	0.01446	0.00723	0.00723
AGT	ATT	GT	-0.10644	0.01697	0.01608	0.10644	0.01526	0.01608	0.00804	0.00804
AGT	ACT	GC	-0.16504	0.01889	0.01738	0.16504	0.01602	0.01738	0.00869	0.00869
AGT	AAT	GA	-0.05819	0.02915	0.02831	0.05819	0.02750	0.02831	0.01415	0.01415
AGC	TGC	AT	0.06507	0.00566	0.00584	-0.06507	0.00604	0.00584	0.00292	0.00292
AGC	CGC	AC	-0.73547	0.00630	0.00426	0.73547	0.00302	0.00426	0.00213	0.00213
AGC	ATC	GT	0.99217	0.00566	0.00892	-0.99217	0.01526	0.00892	0.00446	0.00446
AGC	ACC	GC	0.28694	0.00630	0.00724	-0.28694	0.00839	0.00724	0.00362	0.00362
AGC	AAC	GA	0.84372	0.00972	0.01438	-0.84372	0.02259	0.01438	0.00719	0.00719
AGC	AGT	CT	1.20600	0.00728	0.01254	-1.20600	0.02433	0.01254	0.01254	0.01254
AGA	CGA	AC	-1.23016	0.02582	0.01312	1.23016	0.00755	0.01312	0.01312	0.01312
AGA	ATA	GT	-0.92964	0.02319	0.01406	0.92964	0.00915	0.01406	0.00703	0.00703
AGA	ACA	GC	-0.74935	0.02582	0.01734	0.74935	0.01220	0.01734	0.00867	0.00867
AGA	AAA	GA	-0.06518	0.03983	0.03855	0.06518	0.03732	0.03855	0.01928	0.01928
AGA	AGT	AT	-0.02416	0.02319	0.02291	0.02416	0.02264	0.02291	0.01146	0.01146
AGA	AGC	AC	-1.23016	0.02582	0.01312	1.23016	0.00755	0.01312	0.00656	0.00656
AGG	TGG	AT	-0.92481	0.02093	0.01272	0.92481	0.00830	0.01272	0.00636	0.00636
AGG	CGG	AC	-1.23287	0.02330	0.01182	1.23287	0.00679	0.01182	0.01182	0.01182
AGG	ATG	GT	0.32569	0.02093	0.02452	-0.32569	0.02899	0.02452	0.01226	0.01226
AGG	ACG	GC	-0.32824	0.02330	0.01969	0.32824	0.01678	0.01969	0.00984	0.00984
AGG	AAG	GA	0.47743	0.03595	0.04521	-0.47743	0.05795	0.04521	0.02260	0.02260
AGG	AGT	GT	0.08930	0.02093	0.02188	-0.08930	0.02288	0.02188	0.01094	0.01094
AGG	AGC	GC	-1.11670	0.02330	0.01266	1.11670	0.00763	0.01266	0.00633	0.00633
AGG	AGA	GA	0.11346	0.03595	0.03803	-0.11346	0.04027	0.03803	0.03803	0.03803
GTT	TTT	GT	-0.26059	0.02376	0.02080	0.26059	0.01831	0.02080	0.01040	0.01040
GTT	CTT	GC	-0.65567	0.02645	0.01872	0.65567	0.01373	0.01872	0.00936	0.00936
GTT	ATT	GA	-0.73113	0.04081	0.02769	0.73113	0.01964	0.02769	0.01385	0.01385
GTC	TTC	GT	1.23729	0.00509	0.00887	-1.23729	0.01754	0.00887	0.00444	0.00444
GTC	CTC	GC	0.07385	0.00567	0.00588	-0.07385	0.00610	0.00588	0.00294	0.00294
GTC	ATC	GA	0.80931	0.00874	0.01275	-0.80931	0.01964	0.01275	0.00638	0.00638
GTC	GTT	CT	1.64783	0.00655	0.01338	-1.64783	0.03406	0.01338	0.01338	0.01338
GTA	TTA	GT	0.38603	0.00622	0.00750	-0.38603	0.00915	0.00750	0.00375	0.00375
GTA	CTA	GC	0.19163	0.00693	0.00761	-0.19163	0.00839	0.00761	0.00381	0.00381
GTA	ATA	GA	0.09782	0.01069	0.01122	-0.09782	0.01179	0.01122	0.00561	0.00561
GTA	GTT	AT	1.62799	0.00622	0.01260	-1.62799	0.03169	0.01260	0.01260	0.01260
GTA	GTC	AC	-0.01985	0.00693	0.00686	0.01985	0.00679	0.00686	0.00686	0.00686
GTG	TTG	GT	0.18124	0.02036	0.02226	-0.18124	0.02441	0.02226	0.01113	0.01113
GTG	CTG	GC	-0.90698	0.02267	0.01392	0.90698	0.00915	0.01392	0.00696	0.00696
GTG	ATG	GA	0.06487	0.03498	0.03612	-0.06487	0.03732	0.03612	0.01806	0.01806
GTG	GTT	GT	0.45317	0.02036	0.02532	-0.45317	0.03204	0.02532	0.02532	0.02532
GTG	GTC	GC	-1.19466	0.02267	0.01176	1.19466	0.00686	0.01176	0.01176	0.01176
GTG	GTA	GA	-1.17482	0.03498	0.01836	1.17482	0.01080	0.01836	0.01836	0.01836
GCT	TCT	GT	-0.29569	0.01640	0.01410	0.29569	0.01220	0.01410	0.00705	0.00705
GCT	CCT	GC	-0.13114	0.01826	0.01709	0.13114	0.01602	0.01709	0.00855	0.00855
GCT	ACT	GA	-0.31197	0.02818	0.02401	0.31197	0.02062	0.02401	0.01200	0.01200
GCT	GTT	CT	0.47776	0.02112	0.02657	-0.47776	0.03406	0.02657	0.01328	0.01328
GCC	TCC	GT	1.06116	0.00396	0.00642	-1.06116	0.01144	0.00642	0.00321	0.00321
GCC	CCC	GC	-0.65567	0.00441	0.00312	0.65567	0.00229	0.00312	0.00156	0.00156
GCC	ACC	GA	0.46279	0.00680	0.00850	-0.46279	0.01080	0.00850	0.00425	0.00425
GCC	GTC	CT	0.35870	0.00510	0.00607	-0.35870	0.00730	0.00607	0.00303	0.00303
GCC	GCT	CT	1.52878	0.00510	0.00995	-1.52878	0.02351	0.00995	0.00995	0.00995
GCA	TCA	GT	0.45317	0.00679	0.00844	-0.45317	0.01068	0.00844	0.00422	0.00422
GCA	CCA	GC	0.47931	0.00756	0.00951	-0.47931	0.01220	0.00951	0.00476	0.00476
GCA	ACA	GA	0.29849	0.01166	0.01349	-0.29849	0.01571	0.01349	0.00674	0.00674
GCA	GTA	CT	0.02038	0.00874	0.00883	-0.02038	0.00892	0.00883	0.00441	0.00441
GCA	GCT	AT	1.17060	0.00679	0.01152	-1.17060	0.02188	0.01152	0.01152	0.01152
GCA	GCC	AC	-0.35817	0.00756	0.00628	0.35817	0.00528	0.00628	0.00628	0.00628
GCG	TCG	GT	0.99217	0.00509	0.00803	-0.99217	0.01373	0.00803	0.00401	0.00401
GCG	CCG	GC	0.88478	0.00567	0.00854	-0.88478	0.01373	0.00854	0.00427	0.00427
GCG	ACG	GA	0.90462	0.00874	0.01329	-0.90462	0.02161	0.01329	0.00664	0.00664
GCG	GTG	CT	1.49368	0.00655	0.01263	-1.49368	0.02919	0.01263	0.00631	0.00631
GCG	GCT	GT	1.46909	0.00509	0.00971	-1.46909	0.02212	0.00971	0.00971	0.00971
GCG	GCC	GC	-0.05968	0.00567	0.00550	0.05968	0.00534	0.00550	0.00550	0.00550
GCG	GCA	GA	0.29849	0.00874	0.01011	-0.29849	0.01179	0.01011	0.01011	0.01011
GAT	TAT	GT	-1.19647	0.03281	0.01700	1.19647	0.00992	0.01700	0.00850	0.00850
GAT	CAT	GC	-1.09622	0.03653	0.02009	1.09622	0.01220	0.02009	0.01005	0.01005
GAT	AAT	GA	-0.71743	0.05635	0.03853	0.71743	0.02750	0.03853	0.01927	0.01927
GAT	GTT	AT	-0.03456	0.03281	0.03224	0.03456	0.03169	0.03224	0.01612	0.01612
GAT	GCT	AC	-0.51232	0.03653	0.02796	0.51232	0.02188	0.02796	0.01398	0.01398
GAC	TAC	GT	-0.39413	0.01584	0.01292	0.39413	0.01068	0.01292	0.00646	0.00646
GAC	CAC	GC	-1.06113	0.01763	0.00990	1.06113	0.00610	0.00990	0.00495	0.00495
GAC	AAC	GA	-0.18590	0.02720	0.02475	0.18590	0.02259	0.02475	0.01238	0.01238
GAC	GTC	AT	-0.84677	0.01584	0.01007	0.84677	0.00679	0.01007	0.00503	0.00503
GAC	GCC	AC	-1.20547	0.01763	0.00909	1.20547	0.00528	0.00909	0.00455	0.00455
GAC	GAT	CT	0.83563	0.02039	0.03009	-0.83563	0.04703	0.03009	0.03009	0.03009
GAA	CAA	GC	-1.11332	0.03716	0.02023	1.11332	0.01220	0.02023	0.01012	0.01012
GAA	AAA	GA	-0.42914	0.05732	0.04590	0.42914	0.03732	0.04590	0.02295	0.02295
GAA	GTA	AT	-1.39143	0.03337	0.01537	1.39143	0.00830	0.01537	0.00769	0.00769
GAA	GCA	AC	-1.41181	0.03716	0.01690	1.41181	0.00905	0.01690	0.00845	0.00845
GAA	GAT	AT	0.27112	0.03337	0.03810	-0.27112	0.04377	0.03810	0.01905	0.01905
GAA	GAC	AC	-0.56451	0.03716	0.02765	0.56451	0.02113	0.02765	0.01382	0.01382
GAG	CAG	GC	-1.18323	0.05479	0.02862	1.18323	0.01678	0.02862	0.01431	0.01431
GAG	AAG	GA	-0.37756	0.08453	0.06957	0.37756	0.05795	0.06957	0.03479	0.03479
GAG	GTG	AT	-0.59418	0.04921	0.03603	0.59418	0.02716	0.03603	0.01801	0.01801
GAG	GCG	AC	-2.08786	0.05479	0.01619	2.08786	0.00679	0.01619	0.00809	0.00809
GAG	GAT	GT	-0.10644	0.04921	0.04664	0.10644	0.04424	0.04664	0.02332	0.02332
GAG	GAC	GC	-0.94207	0.05479	0.03297	0.94207	0.02136	0.03297	0.01649	0.01649
GAG	GAA	GA	-0.37756	0.08453	0.06957	0.37756	0.05795	0.06957	0.06957	0.06957
GGT	TGT	GT	-0.19346	0.01018	0.00923	0.19346	0.00839	0.00923	0.00461	0.00461
GGT	CGT	GC	0.00931	0.01134	0.01139	-0.00931	0.01144	0.01139	0.00569	0.00569
GGT	AGT	GA	0.52163	0.01749	0.02244	-0.52163	0.02946	0.02244	0.01122	0.01122
GGT	GTT	GT	1.14632	0.01018	0.01711	-1.14632	0.03204	0.01711	0.00855	0.00855
GGT	GCT	GC	0.66856	0.01134	0.01554	-0.66856	0.02212	0.01554	0.00777	0.00777
GGT	GAT	GA	1.18088	0.01749	0.02980	-1.18088	0.05696	0.02980	0.01490	0.01490
GGC	TGC	GT	0.29902	0.00453	0.00524	-0.29902	0.00610	0.00524	0.00262	0.00262
GGC	CGC	GC	-0.50152	0.00504	0.00388	0.50152	0.00305	0.00388	0.00194	0.00194
GGC	AGC	GA	0.23395	0.00777	0.00872	-0.23395	0.00982	0.00872	0.00436	0.00436
GGC	GTC	GT	0.41680	0.00453	0.00553	-0.41680	0.00686	0.00553	0.00277	0.00277
GGC	GCC	GC	0.05810	0.00504	0.00519	-0.05810	0.00534	0.00519	0.00259	0.00259
GGC	GAC	GA	1.26357	0.00777	0.01369	-1.26357	0.02750	0.01369	0.00685	0.00685
GGC	GGT	CT	0.91832	0.00583	0.00891	-0.91832	0.01460	0.00891	0.00891	0.00891
GGA	CGA	GC	-1.21936	0.02582	0.01320	1.21936	0.00763	0.01320	0.00660	0.00660
GGA	AGA	GA	0.01081	0.03983	0.04005	-0.01081	0.04027	0.04005	0.02002	0.02002
GGA	GTA	GT	-1.01666	0.02319	0.01337	1.01666	0.00839	0.01337	0.00668	0.00668
GGA	GCA	GC	-1.03703	0.02582	0.01471	1.03703	0.00915	0.01471	0.00735	0.00735
GGA	GAA	GA	0.37477	0.03983	0.04776	-0.37477	0.05795	0.04776	0.02388	0.02388
GGA	GGT	AT	-0.53499	0.02319	0.01754	0.53499	0.01358	0.01754	0.01754	0.01754
GGA	GGC	AC	-1.45331	0.02582	0.01145	1.45331	0.00604	0.01145	0.01145	0.01145
GGG	TGG	GT	0.13197	0.00735	0.00785	-0.13197	0.00839	0.00785	0.00392	0.00392
GGG	CGG	GC	-0.17609	0.00819	0.00749	0.17609	0.00686	0.00749	0.00374	0.00374
GGG	AGG	GA	1.05678	0.01263	0.02046	-1.05678	0.03634	0.02046	0.01023	0.01023
GGG	GTG	GT	1.31759	0.00735	0.01323	-1.31759	0.02746	0.01323	0.00662	0.00662
GGG	GCG	GC	-0.17609	0.00819	0.00749	0.17609	0.00686	0.00749	0.00374	0.00374
GGG	GAG	GA	1.91177	0.01263	0.02833	-1.91177	0.08544	0.02833	0.01417	0.01417
GGG	GGT	GT	0.62444	0.00735	0.00989	-0.62444	0.01373	0.00989	0.00989	0.00989
GGG	GGC	GC	-0.29388	0.00819	0.00704	0.29388	0.00610	0.00704	0.00704	0.00704
GGG	GGA	GA	1.15943	0.01263	0.02134	-1.15943	0.04027	0.02134	0.02134	0.02134


Histograms
2Ns	FMut	FSub(CodonUsage)	FSubw(after w)

-1.98844	0.01881	0.00645	0.00579
-1.78959	0.00145	0.00059	0.00048
-1.59075	0.01673	0.00747	0.01081
-1.39191	0.02392	0.01193	0.01251
-1.19306	0.07697	0.04383	0.04622
-0.99422	0.05806	0.03715	0.03552
-0.79537	0.07469	0.05340	0.05289
-0.59653	0.07305	0.05812	0.05611
-0.39769	0.12710	0.11253	0.11706
-0.19884	0.10011	0.09931	0.10160
0.00000	0.12748	0.13843	0.12206
0.19884	0.08379	0.09931	0.10160
0.39769	0.08562	0.11253	0.11706
0.59653	0.04039	0.05812	0.05611
0.79537	0.03408	0.05340	0.05289
0.99422	0.02182	0.03715	0.03552
1.19306	0.02371	0.04383	0.04622
1.39191	0.00592	0.01193	0.01251
1.59075	0.00347	0.00747	0.01081
1.78959	0.00026	0.00059	0.00048
1.98844	0.00258	0.00645	0.00579

Proportion of advantageous (S > 0) mutations:
 0.36392

Proportions of good & bad mutations (|S| > 2.0000) among mutations:
0.00107  0.00859

mean |Ns| = 0.59120	mean Ns+ = 0.46796	mean Ns- = -0.66171
