Supplemental results for CODEML (seqf: aligned.fas  treef: treefile.treefile)

I	J	ij	2Ns_IJ	pMut_IJ	pSub_IJ	2Ns_JI	pMut_JI	pSub_JI

TTC	TTT	CT	0.15006	0.01672	0.01800	-0.15006	0.01943	0.01800	0.01800	0.01800
TTA	TTT	AT	0.98196	0.00678	0.01064	-0.98196	0.01809	0.01064	0.00244	0.00244
TTA	TTC	AC	0.83190	0.00754	0.01111	-0.83190	0.01734	0.01111	0.00255	0.00255
TTG	TTT	GT	0.01308	0.01807	0.01819	-0.01308	0.01831	0.01819	0.00417	0.00417
TTG	TTC	GC	-0.13698	0.02012	0.01877	0.13698	0.01754	0.01877	0.00430	0.00430
TTG	TTA	GA	-0.96888	0.03105	0.01840	0.96888	0.01178	0.01840	0.01840	0.01840
TCT	TTT	CT	0.51296	0.01163	0.01487	-0.51296	0.01943	0.01487	0.00341	0.00341
TCC	TTC	CT	0.53494	0.01090	0.01408	-0.53494	0.01862	0.01408	0.00323	0.00323
TCC	TCT	CT	0.17204	0.01090	0.01187	-0.17204	0.01295	0.01187	0.01187	0.01187
TCA	TTA	CT	-0.04665	0.01018	0.00994	0.04665	0.00971	0.00994	0.00228	0.00228
TCA	TCT	AT	0.42234	0.00791	0.00969	-0.42234	0.01206	0.00969	0.00969	0.00969
TCA	TCC	AC	0.25031	0.00880	0.00995	-0.25031	0.01131	0.00995	0.00995	0.00995
TCG	TTG	CT	0.68286	0.01308	0.01806	-0.68286	0.02590	0.01806	0.00414	0.00414
TCG	TCT	GT	0.18298	0.01016	0.01112	-0.18298	0.01220	0.01112	0.01112	0.01112
TCG	TCC	GC	0.01094	0.01132	0.01138	-0.01094	0.01144	0.01138	0.01138	0.01138
TCG	TCA	GA	-0.23936	0.01747	0.01546	0.23936	0.01375	0.01546	0.01546	0.01546
TAT	TTT	AT	0.90191	0.00734	0.01114	-0.90191	0.01809	0.01114	0.00255	0.00255
TAT	TCT	AC	0.38895	0.00817	0.00987	-0.38895	0.01206	0.00987	0.00226	0.00226
TAC	TTC	AT	0.78525	0.00791	0.01141	-0.78525	0.01734	0.01141	0.00262	0.00262
TAC	TCC	AC	0.25031	0.00880	0.00995	-0.25031	0.01131	0.00995	0.00228	0.00228
TAC	TAT	CT	0.03339	0.01018	0.01035	-0.03339	0.01052	0.01035	0.01035	0.01035
TGT	TTT	GT	1.08092	0.00621	0.01016	-1.08092	0.01831	0.01016	0.00233	0.00233
TGT	TCT	GC	0.56796	0.00692	0.00906	-0.56796	0.01220	0.00906	0.00208	0.00208
TGT	TAT	GA	0.17901	0.01067	0.01166	-0.17901	0.01277	0.01166	0.00267	0.00267
TGC	TTC	GT	1.35682	0.00452	0.00825	-1.35682	0.01754	0.00825	0.00189	0.00189
TGC	TCC	GC	0.82188	0.00503	0.00738	-0.82188	0.01144	0.00738	0.00169	0.00169
TGC	TAC	GA	0.57157	0.00776	0.01019	-0.57157	0.01375	0.01019	0.00234	0.00234
TGC	TGT	CT	0.42595	0.00582	0.00714	-0.42595	0.00890	0.00714	0.00714	0.00714
TGG	TTG	GT	1.36860	0.00621	0.01140	-1.36860	0.02441	0.01140	0.00261	0.00261
TGG	TCG	GC	0.68574	0.00692	0.00956	-0.68574	0.01373	0.00956	0.00219	0.00219
TGG	TGT	GT	0.30076	0.00621	0.00719	-0.30076	0.00839	0.00719	0.00165	0.00165
TGG	TGC	GC	-0.12519	0.00692	0.00649	0.12519	0.00610	0.00649	0.00149	0.00149
CTT	TTT	CT	0.39518	0.01308	0.01584	-0.39518	0.01943	0.01584	0.00363	0.00363
CTC	TTC	CT	1.16355	0.00582	0.00984	-1.16355	0.01862	0.00984	0.00226	0.00226
CTC	CTT	CT	0.91843	0.00582	0.00889	-0.91843	0.01457	0.00889	0.00889	0.00889
CTA	TTA	CT	0.19451	0.00800	0.00880	-0.19451	0.00971	0.00880	0.00880	0.00880
CTA	CTT	AT	0.78129	0.00621	0.00895	-0.78129	0.01357	0.00895	0.00895	0.00895
CTA	CTC	AC	-0.13714	0.00692	0.00645	0.13714	0.00603	0.00645	0.00645	0.00645
CTG	TTG	CT	1.08833	0.00872	0.01431	-1.08833	0.02590	0.01431	0.01431	0.01431
CTG	CTT	GT	0.70623	0.00678	0.00945	-0.70623	0.01373	0.00945	0.00945	0.00945
CTG	CTC	GC	-0.21220	0.00754	0.00677	0.21220	0.00610	0.00677	0.00677	0.00677
CTG	CTA	GA	-0.07506	0.01164	0.01121	0.07506	0.01080	0.01121	0.01121	0.01121
CCT	TCT	CT	-0.16444	0.01526	0.01404	0.16444	0.01295	0.01404	0.00322	0.00322
CCT	CTT	CT	-0.04665	0.01526	0.01491	0.04665	0.01457	0.01491	0.00342	0.00342
CCC	TCC	CT	1.71694	0.00218	0.00456	-1.71694	0.01214	0.00456	0.00105	0.00105
CCC	CTC	CT	1.08833	0.00218	0.00358	-1.08833	0.00648	0.00358	0.00082	0.00082
CCC	CCT	CT	2.05341	0.00218	0.00514	-2.05341	0.01700	0.00514	0.00514	0.00514
CCA	TCA	CT	-0.02603	0.01163	0.01148	0.02603	0.01133	0.01148	0.00263	0.00263
CCA	CTA	CT	-0.26720	0.01163	0.01015	0.26720	0.00890	0.01015	0.00233	0.00233
CCA	CCT	AT	0.56074	0.00903	0.01180	-0.56074	0.01583	0.01180	0.01180	0.01180
CCA	CCC	AC	-1.49266	0.01006	0.00435	1.49266	0.00226	0.00435	0.00435	0.00435
CCG	TCG	CT	0.10750	0.01308	0.01380	-0.10750	0.01457	0.01380	0.00316	0.00316
CCG	CTG	CT	-0.29797	0.01308	0.01123	0.29797	0.00971	0.01123	0.00257	0.00257
CCG	CCT	GT	0.45491	0.01016	0.01265	-0.45491	0.01602	0.01265	0.01265	0.01265
CCG	CCC	GC	-1.59849	0.01132	0.00458	1.59849	0.00229	0.00458	0.00458	0.00458
CCG	CCA	GA	-0.10583	0.01747	0.01656	0.10583	0.01571	0.01656	0.01656	0.01656
CAT	TAT	CT	-0.10014	0.01163	0.01106	0.10014	0.01052	0.01106	0.00253	0.00253
CAT	CTT	AT	0.40659	0.00903	0.01100	-0.40659	0.01357	0.01100	0.00252	0.00252
CAT	CCT	AC	0.45325	0.01006	0.01251	-0.45325	0.01583	0.01251	0.00287	0.00287
CAC	TAC	CT	0.66711	0.00582	0.00797	-0.66711	0.01133	0.00797	0.00183	0.00183
CAC	CTC	AT	0.28881	0.00452	0.00520	-0.28881	0.00603	0.00520	0.00119	0.00119
CAC	CCC	AC	-0.79952	0.00503	0.00328	0.79952	0.00226	0.00328	0.00075	0.00075
CAC	CAT	CT	0.80064	0.00582	0.00845	-0.80064	0.01295	0.00845	0.00845	0.00845
CAA	CTA	AT	-0.08588	0.00903	0.00865	0.08588	0.00829	0.00865	0.00198	0.00198
CAA	CCA	AC	0.18131	0.01006	0.01100	-0.18131	0.01206	0.01100	0.00252	0.00252
CAA	CAT	AT	0.28881	0.00903	0.01040	-0.28881	0.01206	0.01040	0.00238	0.00238
CAA	CAC	AC	-0.51183	0.01006	0.00770	0.51183	0.00603	0.00770	0.00177	0.00177
CAG	CTG	AT	-0.31733	0.01242	0.01056	0.31733	0.00904	0.01056	0.00242	0.00242
CAG	CCG	AC	-0.01936	0.01383	0.01370	0.01936	0.01357	0.01370	0.00314	0.00314
CAG	CAT	GT	-0.01769	0.01242	0.01231	0.01769	0.01220	0.01231	0.00282	0.00282
CAG	CAC	GC	-0.81833	0.01383	0.00894	0.81833	0.00610	0.00894	0.00205	0.00205
CAG	CAA	GA	-0.30650	0.02135	0.01824	0.30650	0.01571	0.01824	0.01824	0.01824
CGT	TGT	CT	-0.20266	0.01090	0.00984	0.20266	0.00890	0.00984	0.00225	0.00225
CGT	CTT	GT	0.48309	0.00847	0.01068	-0.48309	0.01373	0.01068	0.00245	0.00245
CGT	CCT	GC	0.52974	0.00943	0.01215	-0.52974	0.01602	0.01215	0.00278	0.00278
CGT	CAT	GA	0.07649	0.01455	0.01512	-0.07649	0.01571	0.01512	0.00346	0.00346
CGC	TGC	CT	0.80064	0.00291	0.00423	-0.80064	0.00648	0.00423	0.00097	0.00097
CGC	CTC	GT	0.99391	0.00226	0.00356	-0.99391	0.00610	0.00356	0.00082	0.00082
CGC	CCC	GC	-0.09442	0.00251	0.00240	0.09442	0.00229	0.00240	0.00055	0.00055
CGC	CAC	GA	0.70510	0.00388	0.00541	-0.70510	0.00786	0.00541	0.00124	0.00124
CGC	CGT	CT	1.42925	0.00291	0.00546	-1.42925	0.01214	0.00546	0.00546	0.00546
CGA	CTA	GT	0.39607	0.00565	0.00684	-0.39607	0.00839	0.00684	0.00157	0.00157
CGA	CCA	GC	0.66327	0.00629	0.00860	-0.66327	0.01220	0.00860	0.00197	0.00197
CGA	CAA	GA	0.48196	0.00970	0.01223	-0.48196	0.01571	0.01223	0.00280	0.00280
CGA	CGT	AT	0.69428	0.00565	0.00783	-0.69428	0.01131	0.00783	0.00783	0.00783
CGA	CGC	AC	-0.73498	0.00629	0.00426	0.73498	0.00301	0.00426	0.00426	0.00426
CGG	TGG	CT	0.30817	0.00654	0.00760	-0.30817	0.00890	0.00760	0.00174	0.00174
CGG	CTG	GT	0.58845	0.00508	0.00672	-0.58845	0.00915	0.00672	0.00154	0.00154
CGG	CCG	GC	0.88641	0.00566	0.00853	-0.88641	0.01373	0.00853	0.00196	0.00196
CGG	CAG	GA	0.90577	0.00873	0.01328	-0.90577	0.02160	0.01328	0.00304	0.00304
CGG	CGT	GT	0.81159	0.00508	0.00742	-0.81159	0.01144	0.00742	0.00742	0.00742
CGG	CGC	GC	-0.61766	0.00566	0.00409	0.61766	0.00305	0.00409	0.00409	0.00409
CGG	CGA	GA	0.11731	0.00873	0.00925	-0.11731	0.00982	0.00925	0.00925	0.00925
ATT	TTT	AT	0.47113	0.01129	0.01416	-0.47113	0.01809	0.01416	0.00325	0.00325
ATT	CTT	AC	0.07595	0.01257	0.01306	-0.07595	0.01357	0.01306	0.00299	0.00299
ATC	TTC	AT	0.42857	0.01129	0.01389	-0.42857	0.01734	0.01389	0.00318	0.00318
ATC	CTC	AC	-0.73498	0.01257	0.00851	0.73498	0.00603	0.00851	0.00195	0.00195
ATC	ATT	CT	0.10750	0.01454	0.01533	-0.10750	0.01619	0.01533	0.01533	0.01533
ATA	TTA	AT	0.28881	0.00678	0.00780	-0.28881	0.00904	0.00780	0.00179	0.00179
ATA	CTA	AC	0.09430	0.00754	0.00791	-0.09430	0.00829	0.00791	0.00181	0.00181
ATA	ATT	AT	0.79964	0.00678	0.00984	-0.79964	0.01507	0.00984	0.00984	0.00984
ATA	ATC	AC	0.69214	0.00754	0.01045	-0.69214	0.01507	0.01045	0.01045	0.01045
ATG	TTG	AT	0.11696	0.02146	0.02274	-0.11696	0.02412	0.02274	0.00521	0.00521
ATG	CTG	AC	-0.97137	0.02389	0.01414	0.97137	0.00904	0.01414	0.00324	0.00324
ATG	ATT	GT	-0.34109	0.02146	0.01800	0.34109	0.01526	0.01800	0.00413	0.00413
ATG	ATC	GC	-0.44859	0.02389	0.01893	0.44859	0.01526	0.01893	0.00434	0.00434
ATG	ATA	GA	-1.14073	0.03687	0.01976	1.14073	0.01178	0.01976	0.00453	0.00453
ACT	TCT	AT	0.01688	0.01186	0.01196	-0.01688	0.01206	0.01196	0.00274	0.00274
ACT	CCT	AC	0.18131	0.01320	0.01444	-0.18131	0.01583	0.01444	0.00331	0.00331
ACT	ATT	CT	0.05871	0.01526	0.01572	-0.05871	0.01619	0.01572	0.00360	0.00360
ACC	TCC	AT	0.59897	0.00621	0.00826	-0.59897	0.01131	0.00826	0.00189	0.00189
ACC	CCC	AC	-1.11797	0.00692	0.00376	1.11797	0.00226	0.00376	0.00086	0.00086
ACC	ATC	CT	0.70533	0.00800	0.01114	-0.70533	0.01619	0.01114	0.00255	0.00255
ACC	ACT	CT	0.75412	0.00800	0.01139	-0.75412	0.01700	0.01139	0.01139	0.01139
ACA	TCA	AT	0.15528	0.00903	0.00975	-0.15528	0.01055	0.00975	0.00224	0.00224
ACA	CCA	AC	0.18131	0.01006	0.01100	-0.18131	0.01206	0.01100	0.00252	0.00252
ACA	ATA	CT	-0.18018	0.01163	0.01061	0.18018	0.00971	0.01061	0.00243	0.00243
ACA	ACT	AT	0.56074	0.00903	0.01180	-0.56074	0.01583	0.01180	0.01180	0.01180
ACA	ACC	AC	-0.19338	0.01006	0.00912	0.19338	0.00829	0.00912	0.00912	0.00912
ACG	TCG	AT	0.08814	0.01242	0.01298	-0.08814	0.01357	0.01298	0.00297	0.00297
ACG	CCG	AC	-0.01936	0.01383	0.01370	0.01936	0.01357	0.01370	0.00314	0.00314
ACG	ATG	CT	0.65404	0.01599	0.02179	-0.65404	0.03076	0.02179	0.00499	0.00499
ACG	ACT	GT	0.25424	0.01242	0.01407	-0.25424	0.01602	0.01407	0.01407	0.01407
ACG	ACC	GC	-0.49988	0.01383	0.01066	0.49988	0.00839	0.01066	0.01066	0.01066
ACG	ACA	GA	-0.30650	0.02135	0.01824	0.30650	0.01571	0.01824	0.01824	0.01824
AAT	TAT	AT	-0.47844	0.01581	0.01233	0.47844	0.00980	0.01233	0.00283	0.00283
AAT	CAT	AC	-0.37830	0.01760	0.01448	0.37830	0.01206	0.01448	0.00332	0.00332
AAT	ATT	AT	-0.04766	0.01581	0.01544	0.04766	0.01507	0.01544	0.00354	0.00354
AAT	ACT	AC	-0.10637	0.01760	0.01668	0.10637	0.01583	0.01668	0.00382	0.00382
AAC	TAC	AT	-0.20763	0.01299	0.01169	0.20763	0.01055	0.01169	0.00268	0.00268
AAC	CAC	AC	-0.87474	0.01446	0.00905	0.87474	0.00603	0.00905	0.00207	0.00207
AAC	ATC	AT	0.14905	0.01299	0.01398	-0.14905	0.01507	0.01398	0.00320	0.00320
AAC	ACC	AC	-0.55629	0.01446	0.01081	0.55629	0.00829	0.01081	0.00248	0.00248
AAC	AAT	CT	0.30421	0.01672	0.01939	-0.30421	0.02266	0.01939	0.01939	0.01939
AAA	CAA	AC	-0.68368	0.02389	0.01665	0.68368	0.01206	0.01665	0.00382	0.00382
AAA	ATA	AT	-0.86387	0.02146	0.01351	0.86387	0.00904	0.01351	0.00310	0.00310
AAA	ACA	AC	-0.68368	0.02389	0.01665	0.68368	0.01206	0.01665	0.00382	0.00382
AAA	AAT	AT	-0.01657	0.02146	0.02128	0.01657	0.02110	0.02128	0.00488	0.00488
AAA	AAC	AC	-0.32078	0.02389	0.02026	0.32078	0.01734	0.02026	0.00464	0.00464
AAG	CAG	AC	-0.80518	0.03709	0.02414	0.80518	0.01658	0.02414	0.00553	0.00553
AAG	ATG	AT	-0.15114	0.03331	0.03086	0.15114	0.02864	0.03086	0.00707	0.00707
AAG	ACG	AC	-0.80518	0.03709	0.02414	0.80518	0.01658	0.02414	0.00553	0.00553
AAG	AAT	GT	-0.44457	0.03331	0.02646	0.44457	0.02136	0.02646	0.00606	0.00606
AAG	AAC	GC	-0.74878	0.03709	0.02492	0.74878	0.01754	0.02492	0.00571	0.00571
AAG	AAA	GA	-0.42800	0.05725	0.04587	0.42800	0.03731	0.04587	0.04587	0.04587
AGT	TGT	AT	-0.71449	0.01694	0.01160	0.71449	0.00829	0.01160	0.00266	0.00266
AGT	CGT	AC	-0.51183	0.01886	0.01444	0.51183	0.01131	0.01444	0.00331	0.00331
AGT	ATT	GT	-0.10470	0.01694	0.01607	0.10470	0.01526	0.01607	0.00368	0.00368
AGT	ACT	GC	-0.16341	0.01886	0.01736	0.16341	0.01602	0.01736	0.00398	0.00398
AGT	AAT	GA	-0.05704	0.02911	0.02829	0.05704	0.02750	0.02829	0.00648	0.00648
AGC	TGC	AT	0.06567	0.00565	0.00583	-0.06567	0.00603	0.00583	0.00134	0.00134
AGC	CGC	AC	-0.73498	0.00629	0.00426	0.73498	0.00301	0.00426	0.00098	0.00098
AGC	ATC	GT	0.99391	0.00565	0.00891	-0.99391	0.01526	0.00891	0.00204	0.00204
AGC	ACC	GC	0.28858	0.00629	0.00724	-0.28858	0.00839	0.00724	0.00166	0.00166
AGC	AAC	GA	0.84486	0.00970	0.01437	-0.84486	0.02259	0.01437	0.00329	0.00329
AGC	AGT	CT	1.20611	0.00727	0.01251	-1.20611	0.02428	0.01251	0.01251	0.01251
AGA	CGA	AC	-1.22967	0.02578	0.01310	1.22967	0.00754	0.01310	0.01310	0.01310
AGA	ATA	GT	-0.92790	0.02315	0.01405	0.92790	0.00915	0.01405	0.00322	0.00322
AGA	ACA	GC	-0.74772	0.02578	0.01733	0.74772	0.01220	0.01733	0.00397	0.00397
AGA	AAA	GA	-0.06403	0.03978	0.03852	0.06403	0.03731	0.03852	0.00883	0.00883
AGA	AGT	AT	-0.02356	0.02315	0.02288	0.02356	0.02261	0.02288	0.00524	0.00524
AGA	AGC	AC	-1.22967	0.02578	0.01310	1.22967	0.00754	0.01310	0.00300	0.00300
AGG	TGG	AT	-0.92421	0.02089	0.01270	0.92421	0.00829	0.01270	0.00291	0.00291
AGG	CGG	AC	-1.23238	0.02326	0.01180	1.23238	0.00678	0.01180	0.01180	0.01180
AGG	ATG	GT	0.32743	0.02089	0.02450	-0.32743	0.02899	0.02450	0.00561	0.00561
AGG	ACG	GC	-0.32661	0.02326	0.01967	0.32661	0.01678	0.01967	0.00451	0.00451
AGG	AAG	GA	0.47857	0.03590	0.04517	-0.47857	0.05794	0.04517	0.01035	0.01035
AGG	AGT	GT	0.09104	0.02089	0.02186	-0.09104	0.02288	0.02186	0.00501	0.00501
AGG	AGC	GC	-1.11507	0.02326	0.01265	1.11507	0.00763	0.01265	0.00290	0.00290
AGG	AGA	GA	0.11461	0.03590	0.03800	-0.11461	0.04026	0.03800	0.03800	0.03800
GTT	TTT	GT	-0.25885	0.02372	0.02078	0.25885	0.01831	0.02078	0.00476	0.00476
GTT	CTT	GC	-0.65403	0.02641	0.01871	0.65403	0.01373	0.01871	0.00429	0.00429
GTT	ATT	GA	-0.72998	0.04075	0.02767	0.72998	0.01964	0.02767	0.00634	0.00634
GTC	TTC	GT	1.23903	0.00508	0.00886	-1.23903	0.01754	0.00886	0.00203	0.00203
GTC	CTC	GC	0.07548	0.00566	0.00587	-0.07548	0.00610	0.00587	0.00135	0.00135
GTC	ATC	GA	0.81046	0.00873	0.01274	-0.81046	0.01964	0.01274	0.00292	0.00292
GTC	GTT	CT	1.64794	0.00654	0.01335	-1.64794	0.03399	0.01335	0.01335	0.01335
GTA	TTA	GT	0.38778	0.00621	0.00749	-0.38778	0.00915	0.00749	0.00172	0.00172
GTA	CTA	GC	0.19327	0.00692	0.00761	-0.19327	0.00839	0.00761	0.00174	0.00174
GTA	ATA	GA	0.09897	0.01067	0.01121	-0.09897	0.01178	0.01121	0.00257	0.00257
GTA	GTT	AT	1.62858	0.00621	0.01258	-1.62858	0.03166	0.01258	0.01258	0.01258
GTA	GTC	AC	-0.01936	0.00692	0.00685	0.01936	0.00678	0.00685	0.00685	0.00685
GTG	TTG	GT	0.18298	0.02033	0.02224	-0.18298	0.02441	0.02224	0.00510	0.00510
GTG	CTG	GC	-0.90535	0.02263	0.01391	0.90535	0.00915	0.01391	0.00319	0.00319
GTG	ATG	GA	0.06602	0.03493	0.03610	-0.06602	0.03731	0.03610	0.00827	0.00827
GTG	GTT	GT	0.45491	0.02033	0.02530	-0.45491	0.03204	0.02530	0.02530	0.02530
GTG	GTC	GC	-1.19303	0.02263	0.01176	1.19303	0.00686	0.01176	0.01176	0.01176
GTG	GTA	GA	-1.17367	0.03493	0.01835	1.17367	0.01080	0.01835	0.01835	0.01835
GCT	TCT	GT	-0.29394	0.01637	0.01409	0.29394	0.01220	0.01409	0.00323	0.00323
GCT	CCT	GC	-0.12951	0.01823	0.01708	0.12951	0.01602	0.01708	0.00391	0.00391
GCT	ACT	GA	-0.31082	0.02814	0.02399	0.31082	0.02062	0.02399	0.00550	0.00550
GCT	GTT	CT	0.47787	0.02108	0.02652	-0.47787	0.03399	0.02652	0.00608	0.00608
GCC	TCC	GT	1.06290	0.00395	0.00642	-1.06290	0.01144	0.00642	0.00147	0.00147
GCC	CCC	GC	-0.65403	0.00440	0.00312	0.65403	0.00229	0.00312	0.00071	0.00071
GCC	ACC	GA	0.46394	0.00679	0.00849	-0.46394	0.01080	0.00849	0.00195	0.00195
GCC	GTC	CT	0.35881	0.00509	0.00606	-0.35881	0.00728	0.00606	0.00139	0.00139
GCC	GCT	CT	1.52888	0.00509	0.00993	-1.52888	0.02347	0.00993	0.00993	0.00993
GCA	TCA	GT	0.45491	0.00678	0.00843	-0.45491	0.01068	0.00843	0.00193	0.00193
GCA	CCA	GC	0.48095	0.00754	0.00950	-0.48095	0.01220	0.00950	0.00218	0.00218
GCA	ACA	GA	0.29964	0.01164	0.01347	-0.29964	0.01571	0.01347	0.00309	0.00309
GCA	GTA	CT	0.02049	0.00872	0.00881	-0.02049	0.00890	0.00881	0.00202	0.00202
GCA	GCT	AT	1.17120	0.00678	0.01150	-1.17120	0.02186	0.01150	0.01150	0.01150
GCA	GCC	AC	-0.35768	0.00754	0.00628	0.35768	0.00528	0.00628	0.00628	0.00628
GCG	TCG	GT	0.99391	0.00508	0.00802	-0.99391	0.01373	0.00802	0.00184	0.00184
GCG	CCG	GC	0.88641	0.00566	0.00853	-0.88641	0.01373	0.00853	0.00196	0.00196
GCG	ACG	GA	0.90577	0.00873	0.01328	-0.90577	0.02160	0.01328	0.00304	0.00304
GCG	GTG	CT	1.49379	0.00654	0.01260	-1.49379	0.02914	0.01260	0.00289	0.00289
GCG	GCT	GT	1.47084	0.00508	0.00970	-1.47084	0.02212	0.00970	0.00970	0.00970
GCG	GCC	GC	-0.05805	0.00566	0.00550	0.05805	0.00534	0.00550	0.00550	0.00550
GCG	GCA	GA	0.29964	0.00873	0.01011	-0.29964	0.01178	0.01011	0.01011	0.01011
GAT	TAT	GT	-1.19473	0.03275	0.01699	1.19473	0.00992	0.01699	0.00389	0.00389
GAT	CAT	GC	-1.09459	0.03647	0.02008	1.09459	0.01220	0.02008	0.00460	0.00460
GAT	AAT	GA	-0.71628	0.05628	0.03851	0.71628	0.02750	0.03851	0.00882	0.00882
GAT	GTT	AT	-0.03396	0.03275	0.03220	0.03396	0.03166	0.03220	0.00738	0.00738
GAT	GCT	AC	-0.51183	0.03647	0.02793	0.51183	0.02186	0.02793	0.00640	0.00640
GAC	TAC	GT	-0.39238	0.01581	0.01291	0.39238	0.01068	0.01291	0.00296	0.00296
GAC	CAC	GC	-1.05950	0.01760	0.00990	1.05950	0.00610	0.00990	0.00227	0.00227
GAC	AAC	GA	-0.18476	0.02717	0.02474	0.18476	0.02259	0.02474	0.00567	0.00567
GAC	GTC	AT	-0.84617	0.01581	0.01005	0.84617	0.00678	0.01005	0.00230	0.00230
GAC	GCC	AC	-1.20498	0.01760	0.00908	1.20498	0.00528	0.00908	0.00208	0.00208
GAC	GAT	CT	0.83574	0.02035	0.03003	-0.83574	0.04694	0.03003	0.03003	0.03003
GAA	CAA	GC	-1.11168	0.03709	0.02022	1.11168	0.01220	0.02022	0.00463	0.00463
GAA	AAA	GA	-0.42800	0.05725	0.04587	0.42800	0.03731	0.04587	0.01051	0.01051
GAA	GTA	AT	-1.39083	0.03331	0.01535	1.39083	0.00829	0.01535	0.00352	0.00352
GAA	GCA	AC	-1.41132	0.03709	0.01688	1.41132	0.00904	0.01688	0.00387	0.00387
GAA	GAT	AT	0.27172	0.03331	0.03804	-0.27172	0.04372	0.03804	0.00872	0.00872
GAA	GAC	AC	-0.56402	0.03709	0.02761	0.56402	0.02110	0.02761	0.00633	0.00633
GAG	CAG	GC	-1.18160	0.05470	0.02860	1.18160	0.01678	0.02860	0.00656	0.00656
GAG	AAG	GA	-0.37642	0.08442	0.06952	0.37642	0.05794	0.06952	0.01593	0.01593
GAG	GTG	AT	-0.59358	0.04912	0.03598	0.59358	0.02713	0.03598	0.00825	0.00825
GAG	GCG	AC	-2.08737	0.05470	0.01616	2.08737	0.00678	0.01616	0.00370	0.00370
GAG	GAT	GT	-0.10470	0.04912	0.04660	0.10470	0.04424	0.04660	0.01068	0.01068
GAG	GAC	GC	-0.94044	0.05470	0.03295	0.94044	0.02136	0.03295	0.00755	0.00755
GAG	GAA	GA	-0.37642	0.08442	0.06952	0.37642	0.05794	0.06952	0.06952	0.06952
GGT	TGT	GT	-0.19171	0.01016	0.00922	0.19171	0.00839	0.00922	0.00211	0.00211
GGT	CGT	GC	0.01094	0.01132	0.01138	-0.01094	0.01144	0.01138	0.00261	0.00261
GGT	AGT	GA	0.52278	0.01747	0.02243	-0.52278	0.02946	0.02243	0.00514	0.00514
GGT	GTT	GT	1.14806	0.01016	0.01709	-1.14806	0.03204	0.01709	0.00392	0.00392
GGT	GCT	GC	0.67019	0.01132	0.01553	-0.67019	0.02212	0.01553	0.00356	0.00356
GGT	GAT	GA	1.18203	0.01747	0.02978	-1.18203	0.05695	0.02978	0.00682	0.00682
GGC	TGC	GT	0.30076	0.00452	0.00523	-0.30076	0.00610	0.00523	0.00120	0.00120
GGC	CGC	GC	-0.49988	0.00503	0.00388	0.49988	0.00305	0.00388	0.00089	0.00089
GGC	AGC	GA	0.23510	0.00776	0.00871	-0.23510	0.00982	0.00871	0.00200	0.00200
GGC	GTC	GT	0.41855	0.00452	0.00553	-0.41855	0.00686	0.00553	0.00127	0.00127
GGC	GCC	GC	0.05974	0.00503	0.00518	-0.05974	0.00534	0.00518	0.00119	0.00119
GGC	GAC	GA	1.26472	0.00776	0.01368	-1.26472	0.02750	0.01368	0.00313	0.00313
GGC	GGT	CT	0.91843	0.00582	0.00889	-0.91843	0.01457	0.00889	0.00889	0.00889
GGA	CGA	GC	-1.21772	0.02578	0.01319	1.21772	0.00763	0.01319	0.00302	0.00302
GGA	AGA	GA	0.01195	0.03978	0.04002	-0.01195	0.04026	0.04002	0.00917	0.00917
GGA	GTA	GT	-1.01491	0.02315	0.01336	1.01491	0.00839	0.01336	0.00306	0.00306
GGA	GCA	GC	-1.03540	0.02578	0.01470	1.03540	0.00915	0.01470	0.00337	0.00337
GGA	GAA	GA	0.37592	0.03978	0.04773	-0.37592	0.05794	0.04773	0.01094	0.01094
GGA	GGT	AT	-0.53439	0.02315	0.01751	0.53439	0.01357	0.01751	0.01751	0.01751
GGA	GGC	AC	-1.45282	0.02578	0.01143	1.45282	0.00603	0.01143	0.01143	0.01143
GGG	TGG	GT	0.13371	0.00734	0.00784	-0.13371	0.00839	0.00784	0.00180	0.00180
GGG	CGG	GC	-0.17446	0.00817	0.00748	0.17446	0.00686	0.00748	0.00171	0.00171
GGG	AGG	GA	1.05792	0.01261	0.02044	-1.05792	0.03633	0.02044	0.00468	0.00468
GGG	GTG	GT	1.31933	0.00734	0.01322	-1.31933	0.02746	0.01322	0.00303	0.00303
GGG	GCG	GC	-0.17446	0.00817	0.00748	0.17446	0.00686	0.00748	0.00171	0.00171
GGG	GAG	GA	1.91291	0.01261	0.02831	-1.91291	0.08543	0.02831	0.00649	0.00649
GGG	GGT	GT	0.62619	0.00734	0.00988	-0.62619	0.01373	0.00988	0.00988	0.00988
GGG	GGC	GC	-0.29224	0.00817	0.00704	0.29224	0.00610	0.00704	0.00704	0.00704
GGG	GGA	GA	1.16058	0.01261	0.02132	-1.16058	0.04026	0.02132	0.02132	0.02132


Histograms
2Ns	FMut	FSub(CodonUsage)	FSubw(after w)

-1.98797	0.01881	0.00645	0.00490
-1.78918	0.00145	0.00059	0.00033
-1.59038	0.01672	0.00747	0.01524
-1.39158	0.02393	0.01193	0.01327
-1.19278	0.07696	0.04383	0.04940
-0.99399	0.05805	0.03715	0.03336
-0.79519	0.07468	0.05340	0.05219
-0.59639	0.07304	0.05811	0.05342
-0.39759	0.12711	0.11255	0.12310
-0.19880	0.10010	0.09930	0.10465
0.00000	0.12748	0.13843	0.10026
0.19880	0.08379	0.09930	0.10465
0.39759	0.08564	0.11255	0.12310
0.59639	0.04039	0.05811	0.05342
0.79519	0.03408	0.05340	0.05219
0.99399	0.02183	0.03715	0.03336
1.19278	0.02372	0.04383	0.04940
1.39158	0.00592	0.01193	0.01327
1.59038	0.00346	0.00747	0.01524
1.78918	0.00026	0.00059	0.00033
1.98797	0.00258	0.00645	0.00490

Proportion of advantageous (S > 0) mutations:
 0.36394

Proportions of good & bad mutations (|S| > 2.0000) among mutations:
0.00107  0.00858

mean |Ns| = 0.59111	mean Ns+ = 0.46787	mean Ns- = -0.66163
