Supplemental results for CODEML (seqf: aligned.fas  treef: AT1G68520_AT1G68520.1_Athaliana_Araport11.treefile)

I	J	ij	2Ns_IJ	pMut_IJ	pSub_IJ	2Ns_JI	pMut_JI	pSub_JI

TTC	TTT	CT	0.15702	0.01395	0.01507	-0.15702	0.01632	0.01507	0.01507	0.01507
TTA	TTT	AT	1.81430	0.00530	0.01148	-1.81430	0.03252	0.01148	0.00574	0.00574
TTA	TTC	AC	1.65728	0.00465	0.00952	-1.65728	0.02439	0.00952	0.00476	0.00476
TTG	TTT	GT	-0.38143	0.02384	0.01958	0.38143	0.01628	0.01958	0.00979	0.00979
TTG	TTC	GC	-0.53845	0.02092	0.01579	0.53845	0.01221	0.01579	0.00790	0.00790
TTG	TTA	GA	-2.19573	0.05705	0.01569	2.19573	0.00635	0.01569	0.01569	0.01569
TCT	TTT	CT	-0.28481	0.02169	0.01875	0.28481	0.01632	0.01875	0.00937	0.00937
TCC	TTC	CT	-0.97796	0.03254	0.01918	0.97796	0.01224	0.01918	0.00959	0.00959
TCC	TCT	CT	-0.53613	0.03254	0.02459	0.53613	0.01904	0.02459	0.02459	0.02459
TCA	TTA	CT	-0.94159	0.01395	0.00840	0.94159	0.00544	0.00840	0.00420	0.00420
TCA	TCT	AT	1.15752	0.01192	0.02012	-1.15752	0.03794	0.02012	0.02012	0.02012
TCA	TCC	AC	1.69365	0.01046	0.02171	-1.69365	0.05690	0.02171	0.02171	0.02171
TCG	TTG	CT	-0.23602	0.03099	0.02748	0.23602	0.02447	0.02748	0.01374	0.01374
TCG	TCT	GT	-0.33264	0.02649	0.02233	0.33264	0.01900	0.02233	0.02233	0.02233
TCG	TCC	GC	0.20349	0.02325	0.02569	-0.20349	0.02849	0.02569	0.02569	0.02569
TCG	TCA	GA	-1.49016	0.06339	0.02748	1.49016	0.01428	0.02748	0.02748	0.02748
TAT	TTT	AT	2.10199	0.00397	0.00952	-2.10199	0.03252	0.00952	0.00476	0.00476
TAT	TCT	AC	2.38680	0.00349	0.00917	-2.38680	0.03794	0.00917	0.00458	0.00458
TAC	TTC	AT	1.52662	0.00530	0.01033	-1.52662	0.02439	0.01033	0.00517	0.00517
TAC	TCC	AC	2.50458	0.00465	0.01268	-2.50458	0.05690	0.01268	0.00634	0.00634
TAC	TAT	CT	-0.41834	0.00620	0.00499	0.41834	0.00408	0.00499	0.00499	0.00499
TGT	TTT	GT	-0.66911	0.03179	0.02233	0.66911	0.01628	0.02233	0.01117	0.01117
TGT	TCT	GC	-0.38430	0.02790	0.02288	0.38430	0.01900	0.02288	0.01144	0.01144
TGT	TAT	GA	-2.77109	0.07607	0.01408	2.77109	0.00476	0.01408	0.00704	0.00704
TGC	TTC	GT	-1.36226	0.04769	0.02236	1.36226	0.01221	0.02236	0.01118	0.01118
TGC	TCC	GC	-0.38430	0.04185	0.03432	0.38430	0.02849	0.03432	0.01716	0.01716
TGC	TAC	GA	-2.88888	0.11410	0.01942	2.88888	0.00635	0.01942	0.00971	0.00971
TGC	TGT	CT	-0.53613	0.05578	0.04216	0.53613	0.03263	0.04216	0.04216	0.04216
TGG	TTG	GT	0.14182	0.02119	0.02273	-0.14182	0.02442	0.02273	0.01137	0.01137
TGG	TCG	GC	0.37784	0.01860	0.02233	-0.37784	0.02714	0.02233	0.01117	0.01117
TGG	TGT	GT	0.42950	0.02119	0.02607	-0.42950	0.03256	0.02607	0.01304	0.01304
TGG	TGC	GC	0.96563	0.01860	0.02900	-0.96563	0.04885	0.02900	0.01450	0.01450
CTT	TTT	CT	-0.35380	0.02324	0.01937	0.35380	0.01632	0.01937	0.00969	0.00969
CTC	TTC	CT	-0.49839	0.02014	0.01554	0.49839	0.01224	0.01554	0.00777	0.00777
CTC	CTT	CT	0.01244	0.02014	0.02027	-0.01244	0.02040	0.02027	0.02027	0.02027
CTA	TTA	CT	0.15702	0.00465	0.00502	-0.15702	0.00544	0.00502	0.00502	0.00502
CTA	CTT	AT	2.32513	0.00397	0.01024	-2.32513	0.04064	0.01024	0.01024	0.01024
CTA	CTC	AC	2.31269	0.00349	0.00895	-2.31269	0.03523	0.00895	0.00895	0.00895
CTG	TTG	CT	1.15027	0.00775	0.01304	-1.15027	0.02447	0.01304	0.01304	0.01304
CTG	CTT	GT	1.12265	0.00662	0.01102	-1.12265	0.02035	0.01102	0.01102	0.01102
CTG	CTC	GC	1.11021	0.00581	0.00962	-1.11021	0.01764	0.00962	0.00962	0.00962
CTG	CTA	GA	-1.20248	0.01585	0.00818	1.20248	0.00476	0.00818	0.00818	0.00818
CCT	TCT	CT	0.56249	0.01085	0.01418	-0.56249	0.01904	0.01418	0.00709	0.00709
CCT	CTT	CT	0.63148	0.01085	0.01463	-0.63148	0.02040	0.01463	0.00731	0.00731
CCC	TCC	CT	1.81525	0.00465	0.01008	-1.81525	0.02855	0.01008	0.00504	0.00504
CCC	CTC	CT	1.33568	0.00465	0.00842	-1.33568	0.01768	0.00842	0.00421	0.00421
CCC	CCT	CT	0.71664	0.00465	0.00651	-0.71664	0.00952	0.00651	0.00651	0.00651
CCA	TCA	CT	-0.01288	0.01240	0.01232	0.01288	0.01224	0.01232	0.00616	0.00616
CCA	CTA	CT	-1.11149	0.01240	0.00676	1.11149	0.00408	0.00676	0.00338	0.00338
CCA	CCT	AT	0.58216	0.01060	0.01398	-0.58216	0.01897	0.01398	0.01398	0.01398
CCA	CCC	AC	-0.13448	0.00930	0.00869	0.13448	0.00813	0.00869	0.00869	0.00869
CCG	TCG	CT	1.47878	0.00620	0.01187	-1.47878	0.02719	0.01187	0.00594	0.00594
CCG	CTG	CT	0.09248	0.00620	0.00649	-0.09248	0.00680	0.00649	0.00324	0.00324
CCG	CCT	GT	0.58365	0.00530	0.00699	-0.58365	0.00950	0.00699	0.00699	0.00699
CCG	CCC	GC	-0.13298	0.00465	0.00435	0.13298	0.00407	0.00435	0.00435	0.00435
CCG	CCA	GA	0.00150	0.01268	0.01269	-0.00150	0.01270	0.01269	0.01269	0.01269
CAT	TAT	CT	-1.51696	0.01859	0.00793	1.51696	0.00408	0.00793	0.00396	0.00396
CAT	CTT	AT	0.93883	0.01590	0.02451	-0.93883	0.04064	0.02451	0.01225	0.01225
CAT	CCT	AC	0.30736	0.01395	0.01620	-0.30736	0.01897	0.01620	0.00810	0.00810
CAC	TAC	CT	-1.78889	0.03254	0.01168	1.78889	0.00544	0.01168	0.00584	0.00584
CAC	CTC	AT	0.23612	0.02782	0.03123	-0.23612	0.03523	0.03123	0.01562	0.01562
CAC	CCC	AC	-1.09956	0.02441	0.01340	1.09956	0.00813	0.01340	0.00670	0.00670
CAC	CAT	CT	-0.69028	0.03254	0.02259	0.69028	0.01632	0.02259	0.02259	0.02259
CAA	CTA	AT	-0.26514	0.01060	0.00925	0.26514	0.00813	0.00925	0.00463	0.00463
CAA	CCA	AC	0.84635	0.00930	0.01378	-0.84635	0.02168	0.01378	0.00689	0.00689
CAA	CAT	AT	1.12116	0.01060	0.01762	-1.12116	0.03252	0.01762	0.00881	0.00881
CAA	CAC	AC	1.81143	0.00930	0.02014	-1.81143	0.05690	0.02014	0.01007	0.01007
CAG	CTG	AT	0.02254	0.01325	0.01340	-0.02254	0.01355	0.01340	0.00670	0.00670
CAG	CCG	AC	-0.06994	0.01162	0.01122	0.06994	0.01084	0.01122	0.00561	0.00561
CAG	CAT	GT	0.20636	0.01325	0.01466	-0.20636	0.01628	0.01466	0.00733	0.00733
CAG	CAC	GC	0.89664	0.01162	0.01760	-0.89664	0.02849	0.01760	0.00880	0.00880
CAG	CAA	GA	-0.91480	0.03170	0.01938	0.91480	0.01270	0.01938	0.01938	0.01938
CGT	TGT	CT	0.21418	0.02634	0.02926	-0.21418	0.03263	0.02926	0.01463	0.01463
CGT	CTT	GT	-0.10112	0.02252	0.02140	0.10112	0.02035	0.02140	0.01070	0.01070
CGT	CCT	GC	-0.73260	0.01976	0.01340	0.73260	0.00950	0.01340	0.00670	0.00670
CGT	CAT	GA	-1.03996	0.05388	0.03064	1.03996	0.01905	0.03064	0.01532	0.01532
CGC	TGC	CT	1.05496	0.01704	0.02759	-1.05496	0.04895	0.02759	0.01379	0.01379
CGC	CTC	GT	0.19109	0.01457	0.01601	-0.19109	0.01764	0.01601	0.00800	0.00800
CGC	CCC	GC	-1.14458	0.01279	0.00684	1.14458	0.00407	0.00684	0.00342	0.00342
CGC	CAC	GA	-0.04502	0.03487	0.03409	0.04502	0.03333	0.03409	0.01704	0.01704
CGC	CGT	CT	0.30466	0.01704	0.01977	-0.30466	0.02311	0.01977	0.01977	0.01977
CGA	CTA	GT	-0.26364	0.00530	0.00463	0.26364	0.00407	0.00463	0.00232	0.00232
CGA	CCA	GC	0.84785	0.00465	0.00690	-0.84785	0.01085	0.00690	0.00345	0.00345
CGA	CAA	GA	0.00150	0.01268	0.01269	-0.00150	0.01270	0.01269	0.00634	0.00634
CGA	CGT	AT	2.16261	0.00530	0.01295	-2.16261	0.04606	0.01295	0.01295	0.01295
CGA	CGC	AC	1.85795	0.00465	0.01024	-1.85795	0.02981	0.01024	0.01024	0.01024
CGG	TGG	CT	0.85017	0.00930	0.01380	-0.85017	0.02175	0.01380	0.00690	0.00690
CGG	CTG	GT	-0.15828	0.00795	0.00734	0.15828	0.00678	0.00734	0.00367	0.00367
CGG	CCG	GC	-0.25077	0.00697	0.00614	0.25077	0.00543	0.00614	0.00307	0.00307
CGG	CAG	GA	-0.18083	0.01902	0.01735	0.18083	0.01587	0.01735	0.00867	0.00867
CGG	CGT	GT	1.06549	0.00795	0.01292	-1.06549	0.02307	0.01292	0.01292	0.01292
CGG	CGC	GC	0.76084	0.00697	0.00996	-0.76084	0.01493	0.00996	0.00996	0.00996
CGG	CGA	GA	-1.09712	0.01902	0.01046	1.09712	0.00635	0.01046	0.01046	0.01046
ATT	TTT	AT	3.20060	0.00132	0.00442	-3.20060	0.03252	0.00442	0.00221	0.00221
ATT	CTT	AC	3.55440	0.00116	0.00425	-3.55440	0.04064	0.00425	0.00213	0.00213
ATC	TTC	AT	0.71569	0.01192	0.01669	-0.71569	0.02439	0.01669	0.00835	0.00835
ATC	CTC	AC	1.21408	0.01046	0.01807	-1.21408	0.03523	0.01807	0.00903	0.00903
ATC	ATT	CT	-2.32789	0.01395	0.00351	2.32789	0.00136	0.00351	0.00351	0.00351
ATA	TTA	AT	9.31491	0.00000	0.00000	-9.31491	0.01084	0.00001	0.00000	0.00000
ATA	CTA	AC	9.15789	0.00000	0.00000	-9.15789	0.00813	0.00001	0.00000	0.00000
ATA	ATT	AT	7.92861	0.00000	0.00000	-7.92861	0.00271	0.00001	0.00000	0.00001
ATA	ATC	AC	10.25650	0.00000	0.00000	-10.25650	0.02439	0.00001	0.00000	0.00001
ATG	TTG	AT	1.04111	0.01722	0.02771	-1.04111	0.04877	0.02771	0.01386	0.01386
ATG	CTG	AC	-0.10916	0.01511	0.01430	0.10916	0.01355	0.01430	0.00715	0.00715
ATG	ATT	GT	-2.54091	0.01722	0.00374	2.54091	0.00136	0.00374	0.00187	0.00187
ATG	ATC	GC	-0.21302	0.01511	0.01356	0.21302	0.01221	0.01356	0.00678	0.00678
ATG	ATA	GA	-10.46952	0.04120	0.00001	10.46952	0.00000	0.00000	0.00001	0.00000
ACT	TCT	AT	1.27531	0.01060	0.01875	-1.27531	0.03794	0.01875	0.00938	0.00938
ACT	CCT	AC	0.71282	0.00930	0.01300	-0.71282	0.01897	0.01300	0.00650	0.00650
ACT	ATT	CT	-2.21010	0.01240	0.00338	2.21010	0.00136	0.00338	0.00169	0.00169
ACC	TCC	AT	2.37392	0.00530	0.01387	-2.37392	0.05690	0.01387	0.00693	0.00693
ACC	CCC	AC	0.55867	0.00465	0.00607	-0.55867	0.00813	0.00607	0.00303	0.00303
ACC	ATC	CT	0.68027	0.00620	0.00854	-0.68027	0.01224	0.00854	0.00427	0.00427
ACC	ACT	CT	0.56249	0.00620	0.00810	-0.56249	0.01088	0.00810	0.00810	0.00810
ACA	TCA	AT	1.30348	0.00662	0.01185	-1.30348	0.02439	0.01185	0.00593	0.00593
ACA	CCA	AC	1.31636	0.00581	0.01045	-1.31636	0.02168	0.01045	0.00523	0.00523
ACA	ATA	CT	-8.95302	0.00775	0.00001	8.95302	0.00000	0.00000	0.00000	0.00000
ACA	ACT	AT	1.18569	0.00662	0.01131	-1.18569	0.02168	0.01131	0.01131	0.01131
ACA	ACC	AC	0.62321	0.00581	0.00781	-0.62321	0.01084	0.00781	0.00781	0.00781
ACG	TCG	AT	0.71569	0.02649	0.03709	-0.71569	0.05419	0.03709	0.01855	0.01855
ACG	CCG	AC	-0.76309	0.02325	0.01549	0.76309	0.01084	0.01549	0.00775	0.00775
ACG	ATG	CT	-0.56144	0.03099	0.02310	0.56144	0.01768	0.02310	0.01155	0.01155
ACG	ACT	GT	-0.89225	0.02649	0.01641	0.89225	0.01085	0.01641	0.01641	0.01641
ACG	ACC	GC	-1.45474	0.02325	0.01030	1.45474	0.00543	0.01030	0.01030	0.01030
ACG	ACA	GA	-2.07795	0.06339	0.01885	2.07795	0.00794	0.01885	0.01885	0.01885
AAT	TAT	AT	-0.13161	0.00927	0.00868	0.13161	0.00813	0.00868	0.00434	0.00434
AAT	CAT	AC	1.38535	0.00814	0.01503	-1.38535	0.03252	0.01503	0.00752	0.00752
AAT	ATT	AT	-1.23022	0.00927	0.00471	1.23022	0.00271	0.00471	0.00235	0.00235
AAT	ACT	AC	0.97988	0.00814	0.01276	-0.97988	0.02168	0.01276	0.00638	0.00638
AAC	TAC	AT	-0.29591	0.01457	0.01252	0.29591	0.01084	0.01252	0.00626	0.00626
AAC	CAC	AC	1.49298	0.01279	0.02462	-1.49298	0.05690	0.02462	0.01231	0.01231
AAC	ATC	AT	0.51502	0.01457	0.01864	-0.51502	0.02439	0.01864	0.00932	0.00932
AAC	ACC	AC	-0.16525	0.01279	0.01176	0.16525	0.01084	0.01176	0.00588	0.00588
AAC	AAT	CT	-0.58265	0.01704	0.01256	0.58265	0.00952	0.01256	0.01256	0.01256
AAA	CAA	AC	0.21774	0.01744	0.01940	-0.21774	0.02168	0.01940	0.00970	0.00970
AAA	ATA	AT	-9.20528	0.01987	0.00002	9.20528	0.00000	0.00000	0.00001	0.00000
AAA	ACA	AC	-0.25226	0.01744	0.01533	0.25226	0.01355	0.01533	0.00766	0.00766
AAA	AAT	AT	-0.04645	0.01987	0.01941	0.04645	0.01897	0.01941	0.00971	0.00971
AAA	AAC	AC	0.53620	0.01744	0.02253	-0.53620	0.02981	0.02253	0.01126	0.01126
AAG	CAG	AC	0.31572	0.01976	0.02304	-0.31572	0.02710	0.02304	0.01152	0.01152
AAG	ATG	AT	0.44743	0.02252	0.02793	-0.44743	0.03523	0.02793	0.01397	0.01397
AAG	ACG	AC	1.00887	0.01976	0.03138	-1.00887	0.05419	0.03138	0.01569	0.01569
AAG	AAT	GT	-0.86326	0.02252	0.01418	0.86326	0.00950	0.01418	0.00709	0.00709
AAG	AAC	GC	-0.28062	0.01976	0.01712	0.28062	0.01493	0.01712	0.00856	0.00856
AAG	AAA	GA	-0.81681	0.05388	0.03484	0.81681	0.02381	0.03484	0.03484	0.03484
AGT	TGT	AT	1.81430	0.01060	0.02297	-1.81430	0.06503	0.02297	0.01148	0.01148
AGT	CGT	AC	1.60012	0.00930	0.01864	-1.60012	0.04606	0.01864	0.00932	0.00932
AGT	ATT	GT	-2.05540	0.01060	0.00320	2.05540	0.00136	0.00320	0.00160	0.00160
AGT	ACT	GC	0.15470	0.00930	0.01004	-0.15470	0.01085	0.01004	0.00502	0.00502
AGT	AAT	GA	-0.82518	0.02536	0.01632	0.82518	0.01111	0.01632	0.00816	0.00816
AGC	TGC	AT	1.81430	0.01590	0.03445	-1.81430	0.09755	0.03445	0.01723	0.01723
AGC	CGC	AC	0.75934	0.01395	0.01991	-0.75934	0.02981	0.01991	0.00995	0.00995
AGC	ATC	GT	-0.26364	0.01590	0.01389	0.26364	0.01221	0.01389	0.00695	0.00695
AGC	ACC	GC	-0.94391	0.01395	0.00839	0.94391	0.00543	0.00839	0.00419	0.00419
AGC	AAC	GA	-0.77866	0.03803	0.02513	0.77866	0.01746	0.02513	0.01256	0.01256
AGC	AGT	CT	-0.53613	0.01859	0.01405	0.53613	0.01088	0.01405	0.01405	0.01405
AGA	CGA	AC	-0.25226	0.01395	0.01226	0.25226	0.01084	0.01226	0.01226	0.01226
AGA	ATA	GT	-9.67379	0.01590	0.00001	9.67379	0.00000	0.00000	0.00000	0.00000
AGA	ACA	GC	-0.72077	0.01395	0.00952	0.72077	0.00678	0.00952	0.00476	0.00476
AGA	AAA	GA	-0.46851	0.03803	0.02982	0.46851	0.02381	0.02982	0.01491	0.01491
AGA	AGT	AT	0.31023	0.01590	0.01849	-0.31023	0.02168	0.01849	0.00924	0.00924
AGA	AGC	AC	0.84635	0.01395	0.02067	-0.84635	0.03252	0.02067	0.01034	0.01034
AGG	TGG	AT	1.18569	0.01325	0.02262	-1.18569	0.04335	0.02262	0.01131	0.01131
AGG	CGG	AC	0.33553	0.01162	0.01368	-0.33553	0.01626	0.01368	0.01368	0.01368
AGG	ATG	GT	0.28640	0.01325	0.01523	-0.28640	0.01764	0.01523	0.00762	0.00762
AGG	ACG	GC	0.84785	0.01162	0.01724	-0.84785	0.02714	0.01724	0.00862	0.00862
AGG	AAG	GA	-0.16102	0.03170	0.02921	0.16102	0.02698	0.02921	0.01461	0.01461
AGG	AGT	GT	-0.19910	0.01325	0.01197	0.19910	0.01085	0.01197	0.00599	0.00599
AGG	AGC	GC	0.33702	0.01162	0.01369	-0.33702	0.01628	0.01369	0.00685	0.00685
AGG	AGA	GA	-0.50933	0.03170	0.02431	0.50933	0.01905	0.02431	0.02431	0.02431
GTT	TTT	GT	-0.32427	0.02252	0.01906	0.32427	0.01628	0.01906	0.00953	0.00953
GTT	CTT	GC	0.02954	0.01976	0.02005	-0.02954	0.02035	0.02005	0.01003	0.01003
GTT	ATT	GA	-3.52487	0.05388	0.00576	3.52487	0.00159	0.00576	0.00288	0.00288
GTC	TTC	GT	-0.41779	0.01854	0.01494	0.41779	0.01221	0.01494	0.00747	0.00747
GTC	CTC	GC	0.08059	0.01627	0.01694	-0.08059	0.01764	0.01694	0.00847	0.00847
GTC	ATC	GA	-1.13348	0.04437	0.02388	1.13348	0.01428	0.02388	0.01194	0.01194
GTC	GTT	CT	0.06350	0.02169	0.02239	-0.06350	0.02311	0.02239	0.02239	0.02239
GTA	TTA	GT	-0.66911	0.01060	0.00744	0.66911	0.00543	0.00744	0.00372	0.00372
GTA	CTA	GC	-0.82613	0.00930	0.00598	0.82613	0.00407	0.00598	0.00299	0.00299
GTA	ATA	GA	-9.98402	0.02536	0.00001	9.98402	0.00000	0.00000	0.00001	0.00000
GTA	GTT	AT	1.46946	0.01060	0.02022	-1.46946	0.04606	0.02022	0.02022	0.02022
GTA	GTC	AC	1.40597	0.00930	0.01732	-1.40597	0.03794	0.01732	0.01732	0.01732
GTG	TTG	GT	0.34946	0.01722	0.02040	-0.34946	0.02442	0.02040	0.01020	0.01020
GTG	CTG	GC	-0.80081	0.01511	0.00986	0.80081	0.00678	0.00986	0.00493	0.00493
GTG	ATG	GA	-0.69165	0.04120	0.02858	0.69165	0.02063	0.02858	0.01429	0.01429
GTG	GTT	GT	0.29230	0.01722	0.01986	-0.29230	0.02307	0.01986	0.01986	0.01986
GTG	GTC	GC	0.22881	0.01511	0.01691	-0.22881	0.01900	0.01691	0.01691	0.01691
GTG	GTA	GA	-1.17716	0.04120	0.02160	1.17716	0.01270	0.02160	0.02160	0.02160
GCT	TCT	GT	-0.70420	0.03841	0.02646	0.70420	0.01900	0.02646	0.01323	0.01323
GCT	CCT	GC	-1.26669	0.03371	0.01675	1.26669	0.00950	0.01675	0.00838	0.00838
GCT	ACT	GA	-1.97951	0.09192	0.02916	1.97951	0.01270	0.02916	0.01458	0.01458
GCT	GTT	CT	-0.66474	0.04493	0.03164	0.66474	0.02311	0.03164	0.01582	0.01582
GCC	TCC	GT	0.17819	0.02384	0.02603	-0.17819	0.02849	0.02603	0.01302	0.01302
GCC	CCC	GC	-1.63706	0.02092	0.00827	1.63706	0.00407	0.00827	0.00414	0.00414
GCC	ACC	GA	-2.19573	0.05705	0.01569	2.19573	0.00635	0.01569	0.00784	0.00784
GCC	GTC	CT	-0.38198	0.02789	0.02290	0.38198	0.01904	0.02290	0.01145	0.01145
GCC	GCT	CT	0.34626	0.02789	0.03300	-0.34626	0.03943	0.03300	0.03300	0.03300
GCA	TCA	GT	-0.26364	0.01590	0.01389	0.26364	0.01221	0.01389	0.00695	0.00695
GCA	CCA	GC	-0.25077	0.01395	0.01227	0.25077	0.01085	0.01227	0.00614	0.00614
GCA	ACA	GA	-1.56712	0.03803	0.01572	1.56712	0.00794	0.01572	0.00786	0.00786
GCA	GTA	CT	-0.53613	0.01859	0.01405	0.53613	0.01088	0.01405	0.00703	0.00703
GCA	GCT	AT	1.59808	0.01590	0.03184	-1.59808	0.07858	0.03184	0.03184	0.03184
GCA	GCC	AC	1.25182	0.01395	0.02445	-1.25182	0.04877	0.02445	0.02445	0.02445
GCG	TCG	GT	-0.19910	0.03312	0.02993	0.19910	0.02714	0.02993	0.01496	0.01496
GCG	CCG	GC	-1.67788	0.02906	0.01120	1.67788	0.00543	0.01120	0.00560	0.00560
GCG	ACG	GA	-0.91480	0.07924	0.04845	0.91480	0.03174	0.04845	0.02422	0.02422
GCG	GTG	CT	-0.78459	0.03874	0.02551	0.78459	0.01768	0.02551	0.01275	0.01275
GCG	GCT	GT	0.17246	0.03312	0.03605	-0.17246	0.03935	0.03605	0.03605	0.03605
GCG	GCC	GC	-0.17380	0.02906	0.02661	0.17380	0.02442	0.02661	0.02661	0.02661
GCG	GCA	GA	-1.42562	0.07924	0.03574	1.42562	0.01905	0.03574	0.03574	0.03574
GAT	TAT	GT	-2.20955	0.03709	0.01010	2.20955	0.00407	0.01010	0.00505	0.00505
GAT	CAT	GC	-0.69260	0.03255	0.02257	0.69260	0.01628	0.02257	0.01128	0.01128
GAT	AAT	GA	-2.07795	0.08875	0.02639	2.07795	0.01111	0.02639	0.01319	0.01319
GAT	GTT	AT	0.21670	0.03709	0.04125	-0.21670	0.04606	0.04125	0.02063	0.02063
GAT	GCT	AC	0.88144	0.03255	0.04897	-0.88144	0.07858	0.04897	0.02449	0.02449
GAC	TAC	GT	-1.58540	0.02649	0.01082	1.58540	0.00543	0.01082	0.00541	0.00541
GAC	CAC	GC	0.20349	0.02325	0.02569	-0.20349	0.02849	0.02569	0.01285	0.01285
GAC	AAC	GA	-1.28949	0.06339	0.03107	1.28949	0.01746	0.03107	0.01553	0.01553
GAC	GTC	AT	0.35902	0.02649	0.03153	-0.35902	0.03794	0.03153	0.01577	0.01577
GAC	GCC	AC	0.74099	0.02325	0.03291	-0.74099	0.04877	0.03291	0.01646	0.01646
GAC	GAT	CT	0.20581	0.03099	0.03429	-0.20581	0.03807	0.03429	0.03429	0.03429
GAA	CAA	GC	-0.47391	0.01744	0.01363	0.47391	0.01085	0.01363	0.00681	0.00681
GAA	AAA	GA	-0.69165	0.04754	0.03298	0.69165	0.02381	0.03298	0.01649	0.01649
GAA	GTA	AT	0.08708	0.01987	0.02075	-0.08708	0.02168	0.02075	0.01037	0.01037
GAA	GCA	AC	0.62321	0.01744	0.02343	-0.62321	0.03252	0.02343	0.01171	0.01171
GAA	GAT	AT	1.33985	0.01987	0.03607	-1.33985	0.07587	0.03607	0.01803	0.01803
GAA	GAC	AC	1.13403	0.01744	0.02915	-1.13403	0.05419	0.02915	0.01458	0.01458
GAG	CAG	GC	-0.37593	0.01976	0.01628	0.37593	0.01357	0.01628	0.00814	0.00814
GAG	AAG	GA	-0.69165	0.05388	0.03738	0.69165	0.02698	0.03738	0.01869	0.01869
GAG	GTG	AT	0.44743	0.02252	0.02793	-0.44743	0.03523	0.02793	0.01397	0.01397
GAG	GCG	AC	1.23201	0.01976	0.03437	-1.23201	0.06774	0.03437	0.01719	0.01719
GAG	GAT	GT	0.52303	0.02252	0.02892	-0.52303	0.03799	0.02892	0.01446	0.01446
GAG	GAC	GC	0.31722	0.01976	0.02306	-0.31722	0.02714	0.02306	0.01153	0.01153
GAG	GAA	GA	-0.81681	0.05388	0.03484	0.81681	0.02381	0.03484	0.03484	0.03484
GGT	TGT	GT	1.00487	0.01192	0.01890	-1.00487	0.03256	0.01890	0.00945	0.00945
GGT	CGT	GC	0.79069	0.01046	0.01514	-0.79069	0.02307	0.01514	0.00757	0.00757
GGT	AGT	GA	-0.80943	0.02853	0.01852	0.80943	0.01270	0.01852	0.00926	0.00926
GGT	GTT	GT	0.66003	0.01192	0.01629	-0.66003	0.02307	0.01629	0.00814	0.00814
GGT	GCT	GC	1.32477	0.01046	0.01888	-1.32477	0.03935	0.01888	0.00944	0.00944
GGT	GAT	GA	0.44333	0.02853	0.03531	-0.44333	0.04444	0.03531	0.01766	0.01766
GGC	TGC	GT	1.81580	0.00795	0.01724	-1.81580	0.04885	0.01724	0.00862	0.00862
GGC	CGC	GC	0.76084	0.00697	0.00996	-0.76084	0.01493	0.00996	0.00498	0.00498
GGC	AGC	GA	0.00150	0.01902	0.01903	-0.00150	0.01905	0.01903	0.00952	0.00952
GGC	GTC	GT	0.87134	0.00795	0.01191	-0.87134	0.01900	0.01191	0.00595	0.00595
GGC	GCC	GC	1.25331	0.00697	0.01223	-1.25331	0.02442	0.01223	0.00612	0.00612
GGC	GAC	GA	0.51232	0.01902	0.02430	-0.51232	0.03174	0.02430	0.01215	0.01215
GGC	GGT	CT	0.27480	0.00930	0.01063	-0.27480	0.01224	0.01063	0.01063	0.01063
GGA	CGA	GC	-1.09806	0.01627	0.00894	1.09806	0.00543	0.00894	0.00447	0.00447
GGA	AGA	GA	-0.84580	0.04437	0.02822	0.84580	0.01905	0.02822	0.01411	0.01411
GGA	GTA	GT	-0.53558	0.01854	0.01402	0.53558	0.01085	0.01402	0.00701	0.00701
GGA	GCA	GC	0.00055	0.01627	0.01628	-0.00055	0.01628	0.01628	0.00814	0.00814
GGA	GAA	GA	-0.62266	0.04437	0.03198	0.62266	0.02381	0.03198	0.01599	0.01599
GGA	GGT	AT	0.27386	0.01854	0.02120	-0.27386	0.02439	0.02120	0.02120	0.02120
GGA	GGC	AC	-0.00095	0.01627	0.01627	0.00095	0.01626	0.01627	0.01627	0.01627
GGG	TGG	GT	1.69802	0.00397	0.00826	-1.69802	0.02171	0.00826	0.00413	0.00413
GGG	CGG	GC	0.84785	0.00349	0.00517	-0.84785	0.00814	0.00517	0.00259	0.00259
GGG	AGG	GA	0.51232	0.00951	0.01215	-0.51232	0.01587	0.01215	0.00608	0.00608
GGG	GTG	GT	1.49038	0.00397	0.00764	-1.49038	0.01764	0.00764	0.00382	0.00382
GGG	GCG	GC	2.27496	0.00349	0.00884	-2.27496	0.03392	0.00884	0.00442	0.00442
GGG	GAG	GA	1.04295	0.00951	0.01531	-1.04295	0.02698	0.01531	0.00766	0.00766
GGG	GGT	GT	1.12265	0.00397	0.00661	-1.12265	0.01221	0.00661	0.00661	0.00661
GGG	GGC	GC	0.84785	0.00349	0.00517	-0.84785	0.00814	0.00517	0.00517	0.00517
GGG	GGA	GA	0.84879	0.00951	0.01411	-0.84879	0.02222	0.01411	0.01411	0.01411


Histograms
2Ns	FMut	FSub(CodonUsage)	FSubw(after w)

-9.97098	0.00969	0.00000	0.00000
-8.97388	0.00422	0.00000	0.00000
-7.97678	0.00025	0.00000	0.00000
-6.97968	0.00000	0.00000	0.00000
-5.98259	0.00000	0.00000	0.00000
-4.98549	0.00000	0.00000	0.00000
-3.98839	0.00857	0.00110	0.00089
-2.99129	0.02691	0.00599	0.00481
-1.99420	0.13528	0.05421	0.05537
-0.99710	0.34548	0.25278	0.25413
0.00000	0.30981	0.37182	0.36961
0.99710	0.13777	0.25278	0.25413
1.99420	0.02011	0.05421	0.05537
2.99129	0.00167	0.00599	0.00481
3.98839	0.00025	0.00110	0.00089
4.98549	0.00000	0.00000	0.00000
5.98259	0.00000	0.00000	0.00000
6.97968	0.00000	0.00000	0.00000
7.97678	0.00000	0.00000	0.00000
8.97388	0.00000	0.00000	0.00000
9.97098	0.00000	0.00000	0.00000

Proportion of advantageous (S > 0) mutations:
 0.29595

Proportions of good & bad mutations (|S| > 2.0000) among mutations:
0.00817  0.10615

mean |Ns| = 1.07904	mean Ns+ = 0.66383	mean Ns- = -1.25358
