Supplemental results for CODEML (seqf: aligned.fas  treef: AT1G28050_AT1G28050.1_Athaliana_Araport11.treefile)

I	J	ij	2Ns_IJ	pMut_IJ	pSub_IJ	2Ns_JI	pMut_JI	pSub_JI

TTC	TTT	CT	0.14932	0.01377	0.01483	-0.14932	0.01599	0.01483	0.01483	0.01483
TTA	TTT	AT	1.79326	0.00523	0.01126	-1.79326	0.03145	0.01126	0.00563	0.00563
TTA	TTC	AC	1.64394	0.00456	0.00929	-1.64394	0.02359	0.00929	0.00464	0.00464
TTG	TTT	GT	-0.36907	0.02355	0.01947	0.36907	0.01628	0.01947	0.00974	0.00974
TTG	TTC	GC	-0.51839	0.02051	0.01565	0.51839	0.01221	0.01565	0.00782	0.00782
TTG	TTA	GA	-2.16233	0.05518	0.01551	2.16233	0.00635	0.01551	0.01551	0.01551
TCT	TTT	CT	-0.29252	0.02143	0.01844	0.29252	0.01599	0.01844	0.00922	0.00922
TCC	TTC	CT	-0.98566	0.03214	0.01886	0.98566	0.01199	0.01886	0.00943	0.00943
TCC	TCT	CT	-0.54383	0.03214	0.02419	0.54383	0.01866	0.02419	0.02419	0.02419
TCA	TTA	CT	-0.94930	0.01377	0.00825	0.94930	0.00533	0.00825	0.00413	0.00413
TCA	TCT	AT	1.13648	0.01178	0.01971	-1.13648	0.03669	0.01971	0.01971	0.01971
TCA	TCC	AC	1.68031	0.01025	0.02117	-1.68031	0.05503	0.02117	0.02117	0.02117
TCG	TTG	CT	-0.24373	0.03061	0.02703	0.24373	0.02399	0.02703	0.01351	0.01351
TCG	TCT	GT	-0.32028	0.02617	0.02220	0.32028	0.01900	0.02220	0.02220	0.02220
TCG	TCC	GC	0.22355	0.02279	0.02543	-0.22355	0.02849	0.02543	0.02543	0.02543
TCG	TCA	GA	-1.45676	0.06131	0.02713	1.45676	0.01428	0.02713	0.02713	0.02713
TAT	TTT	AT	2.08094	0.00393	0.00933	-2.08094	0.03145	0.00933	0.00467	0.00467
TAT	TCT	AC	2.37346	0.00342	0.00895	-2.37346	0.03669	0.00895	0.00447	0.00447
TAC	TTC	AT	1.50558	0.00523	0.01013	-1.50558	0.02359	0.01013	0.00506	0.00506
TAC	TCC	AC	2.49124	0.00456	0.01238	-2.49124	0.05503	0.01238	0.00619	0.00619
TAC	TAT	CT	-0.42605	0.00612	0.00491	0.42605	0.00400	0.00491	0.00491	0.00491
TGT	TTT	GT	-0.65675	0.03140	0.02221	0.65675	0.01628	0.02221	0.01110	0.01110
TGT	TCT	GC	-0.36424	0.02734	0.02266	0.36424	0.01900	0.02266	0.01133	0.01133
TGT	TAT	GA	-2.73769	0.07357	0.01394	2.73769	0.00476	0.01394	0.00697	0.00697
TGC	TTC	GT	-1.34990	0.04710	0.02225	1.34990	0.01221	0.02225	0.01113	0.01113
TGC	TCC	GC	-0.36424	0.04101	0.03400	0.36424	0.02849	0.03400	0.01700	0.01700
TGC	TAC	GA	-2.85548	0.11035	0.01923	2.85548	0.00635	0.01923	0.00962	0.00962
TGC	TGT	CT	-0.54383	0.05509	0.04146	0.54383	0.03198	0.04146	0.04146	0.04146
TGG	TTG	GT	0.15418	0.02093	0.02259	-0.15418	0.02442	0.02259	0.01129	0.01129
TGG	TCG	GC	0.39790	0.01823	0.02210	-0.39790	0.02714	0.02210	0.01105	0.01105
TGG	TGT	GT	0.44186	0.02093	0.02590	-0.44186	0.03256	0.02590	0.01295	0.01295
TGG	TGC	GC	0.98569	0.01823	0.02867	-0.98569	0.04885	0.02867	0.01433	0.01433
CTT	TTT	CT	-0.36151	0.02296	0.01906	0.36151	0.01599	0.01906	0.00953	0.00953
CTC	TTC	CT	-0.50609	0.01989	0.01528	0.50609	0.01199	0.01528	0.00764	0.00764
CTC	CTT	CT	0.00474	0.01989	0.01994	-0.00474	0.01999	0.01994	0.01994	0.01994
CTA	TTA	CT	0.14932	0.00459	0.00494	-0.14932	0.00533	0.00494	0.00494	0.00494
CTA	CTT	AT	2.30408	0.00393	0.01005	-2.30408	0.03931	0.01005	0.01005	0.01005
CTA	CTC	AC	2.29935	0.00342	0.00874	-2.29935	0.03407	0.00874	0.00874	0.00874
CTG	TTG	CT	1.14257	0.00765	0.01284	-1.14257	0.02399	0.01284	0.01284	0.01284
CTG	CTT	GT	1.13501	0.00654	0.01094	-1.13501	0.02035	0.01094	0.01094	0.01094
CTG	CTC	GC	1.13027	0.00570	0.00951	-1.13027	0.01764	0.00951	0.00951	0.00951
CTG	CTA	GA	-1.16908	0.01533	0.00807	1.16908	0.00476	0.00807	0.00807	0.00807
CCT	TCT	CT	0.55478	0.01071	0.01396	-0.55478	0.01866	0.01396	0.00698	0.00698
CCT	CTT	CT	0.62378	0.01071	0.01440	-0.62378	0.01999	0.01440	0.00720	0.00720
CCC	TCC	CT	1.80755	0.00459	0.00993	-1.80755	0.02798	0.00993	0.00496	0.00496
CCC	CTC	CT	1.32797	0.00459	0.00830	-1.32797	0.01732	0.00830	0.00415	0.00415
CCC	CCT	CT	0.70893	0.00459	0.00641	-0.70893	0.00933	0.00641	0.00641	0.00641
CCA	TCA	CT	-0.02058	0.01224	0.01212	0.02058	0.01199	0.01212	0.00606	0.00606
CCA	CTA	CT	-1.11919	0.01224	0.00664	1.11919	0.00400	0.00664	0.00332	0.00332
CCA	CCT	AT	0.56111	0.01047	0.01368	-0.56111	0.01834	0.01368	0.01368	0.01368
CCA	CCC	AC	-0.14782	0.00911	0.00846	0.14782	0.00786	0.00846	0.00846	0.00846
CCG	TCG	CT	1.47107	0.00612	0.01169	-1.47107	0.02665	0.01169	0.00585	0.00585
CCG	CTG	CT	0.08478	0.00612	0.00638	-0.08478	0.00666	0.00638	0.00319	0.00319
CCG	CCT	GT	0.59601	0.00523	0.00695	-0.59601	0.00950	0.00695	0.00695	0.00695
CCG	CCC	GC	-0.11292	0.00456	0.00430	0.11292	0.00407	0.00430	0.00430	0.00430
CCG	CCA	GA	0.03490	0.01226	0.01248	-0.03490	0.01270	0.01248	0.01248	0.01248
CAT	TAT	CT	-1.52466	0.01836	0.00779	1.52466	0.00400	0.00779	0.00390	0.00390
CAT	CTT	AT	0.91779	0.01570	0.02399	-0.91779	0.03931	0.02399	0.01200	0.01200
CAT	CCT	AC	0.29401	0.01367	0.01578	-0.29401	0.01834	0.01578	0.00789	0.00789
CAC	TAC	CT	-1.79659	0.03214	0.01148	1.79659	0.00533	0.01148	0.00574	0.00574
CAC	CTC	AT	0.21507	0.02748	0.03054	-0.21507	0.03407	0.03054	0.01527	0.01527
CAC	CCC	AC	-1.11290	0.02393	0.01303	1.11290	0.00786	0.01303	0.00652	0.00652
CAC	CAT	CT	-0.69798	0.03214	0.02222	0.69798	0.01599	0.02222	0.02222	0.02222
CAA	CTA	AT	-0.28618	0.01047	0.00904	0.28618	0.00786	0.00904	0.00452	0.00452
CAA	CCA	AC	0.83301	0.00911	0.01343	-0.83301	0.02097	0.01343	0.00672	0.00672
CAA	CAT	AT	1.10011	0.01047	0.01726	-1.10011	0.03145	0.01726	0.00863	0.00863
CAA	CAC	AC	1.79809	0.00911	0.01964	-1.79809	0.05503	0.01964	0.00982	0.00982
CAG	CTG	AT	0.00150	0.01308	0.01309	-0.00150	0.01310	0.01309	0.00655	0.00655
CAG	CCG	AC	-0.08328	0.01139	0.01093	0.08328	0.01048	0.01093	0.00546	0.00546
CAG	CAT	GT	0.21872	0.01308	0.01457	-0.21872	0.01628	0.01457	0.00728	0.00728
CAG	CAC	GC	0.91670	0.01139	0.01740	-0.91670	0.02849	0.01740	0.00870	0.00870
CAG	CAA	GA	-0.88139	0.03065	0.01910	0.88139	0.01270	0.01910	0.01910	0.01910
CGT	TGT	CT	0.20648	0.02602	0.02879	-0.20648	0.03198	0.02879	0.01440	0.01440
CGT	CTT	GT	-0.08877	0.02224	0.02127	0.08877	0.02035	0.02127	0.01063	0.01063
CGT	CCT	GC	-0.71254	0.01937	0.01328	0.71254	0.00950	0.01328	0.00664	0.00664
CGT	CAT	GA	-1.00656	0.05211	0.03021	1.00656	0.01904	0.03021	0.01511	0.01511
CGC	TGC	CT	1.04726	0.01683	0.02716	-1.04726	0.04797	0.02716	0.01358	0.01358
CGC	CTC	GT	0.20345	0.01439	0.01591	-0.20345	0.01764	0.01591	0.00795	0.00795
CGC	CCC	GC	-1.12452	0.01253	0.00678	1.12452	0.00407	0.00678	0.00339	0.00339
CGC	CAC	GA	-0.01162	0.03372	0.03352	0.01162	0.03333	0.03352	0.01676	0.01676
CGC	CGT	CT	0.29695	0.01683	0.01946	-0.29695	0.02265	0.01946	0.01946	0.01946
CGA	CTA	GT	-0.25129	0.00523	0.00460	0.25129	0.00407	0.00460	0.00230	0.00230
CGA	CCA	GC	0.86791	0.00456	0.00682	-0.86791	0.01085	0.00682	0.00341	0.00341
CGA	CAA	GA	0.03490	0.01226	0.01248	-0.03490	0.01270	0.01248	0.00624	0.00624
CGA	CGT	AT	2.14156	0.00523	0.01270	-2.14156	0.04455	0.01270	0.01270	0.01270
CGA	CGC	AC	1.84461	0.00456	0.00998	-1.84461	0.02883	0.00998	0.00998	0.00998
CGG	TGG	CT	0.84246	0.00918	0.01359	-0.84246	0.02132	0.01359	0.00679	0.00679
CGG	CTG	GT	-0.14593	0.00785	0.00729	0.14593	0.00678	0.00729	0.00365	0.00365
CGG	CCG	GC	-0.23071	0.00684	0.00608	0.23071	0.00543	0.00608	0.00304	0.00304
CGG	CAG	GA	-0.14742	0.01839	0.01707	0.14742	0.01587	0.01707	0.00853	0.00853
CGG	CGT	GT	1.07785	0.00785	0.01283	-1.07785	0.02307	0.01283	0.01283	0.01283
CGG	CGC	GC	0.78090	0.00684	0.00985	-0.78090	0.01493	0.00985	0.00985	0.00985
CGG	CGA	GA	-1.06372	0.01839	0.01031	1.06372	0.00635	0.01031	0.01031	0.01031
ATT	TTT	AT	3.17955	0.00131	0.00434	-3.17955	0.03145	0.00434	0.00217	0.00217
ATT	CTT	AC	3.54106	0.00114	0.00415	-3.54106	0.03931	0.00415	0.00208	0.00208
ATC	TTC	AT	0.69465	0.01178	0.01633	-0.69465	0.02359	0.01633	0.00817	0.00817
ATC	CTC	AC	1.20074	0.01025	0.01761	-1.20074	0.03407	0.01761	0.00881	0.00881
ATC	ATT	CT	-2.33559	0.01377	0.00345	2.33559	0.00133	0.00345	0.00345	0.00345
ATA	TTA	AT	9.29386	0.00000	0.00000	-9.29386	0.01048	0.00001	0.00000	0.00000
ATA	CTA	AC	9.14455	0.00000	0.00000	-9.14455	0.00786	0.00001	0.00000	0.00000
ATA	ATT	AT	7.90757	0.00000	0.00000	-7.90757	0.00262	0.00001	0.00000	0.00001
ATA	ATC	AC	10.24316	0.00000	0.00000	-10.24316	0.02359	0.00001	0.00000	0.00001
ATG	TTG	AT	1.02007	0.01701	0.02713	-1.02007	0.04717	0.02713	0.01357	0.01357
ATG	CTG	AC	-0.12250	0.01481	0.01392	0.12250	0.01310	0.01392	0.00696	0.00696
ATG	ATT	GT	-2.52855	0.01701	0.00373	2.52855	0.00136	0.00373	0.00186	0.00186
ATG	ATC	GC	-0.19297	0.01481	0.01343	0.19297	0.01221	0.01343	0.00671	0.00671
ATG	ATA	GA	-10.43612	0.03985	0.00001	10.43612	0.00000	0.00000	0.00001	0.00000
ACT	TCT	AT	1.25426	0.01047	0.01837	-1.25426	0.03669	0.01837	0.00918	0.00918
ACT	CCT	AC	0.69948	0.00911	0.01267	-0.69948	0.01834	0.01267	0.00634	0.00634
ACT	ATT	CT	-2.21781	0.01224	0.00332	2.21781	0.00133	0.00332	0.00166	0.00166
ACC	TCC	AT	2.35287	0.00523	0.01361	-2.35287	0.05503	0.01361	0.00680	0.00680
ACC	CCC	AC	0.54533	0.00456	0.00591	-0.54533	0.00786	0.00591	0.00296	0.00296
ACC	ATC	CT	0.67257	0.00612	0.00841	-0.67257	0.01199	0.00841	0.00420	0.00420
ACC	ACT	CT	0.55478	0.00612	0.00798	-0.55478	0.01066	0.00798	0.00798	0.00798
ACA	TCA	AT	1.28243	0.00654	0.01161	-1.28243	0.02359	0.01161	0.00580	0.00580
ACA	CCA	AC	1.30301	0.00570	0.01019	-1.30301	0.02097	0.01019	0.00510	0.00510
ACA	ATA	CT	-8.96073	0.00765	0.00001	8.96073	0.00000	0.00000	0.00000	0.00000
ACA	ACT	AT	1.16465	0.00654	0.01107	-1.16465	0.02097	0.01107	0.01107	0.01107
ACA	ACC	AC	0.60987	0.00570	0.00761	-0.60987	0.01048	0.00761	0.00761	0.00761
ACG	TCG	AT	0.69465	0.02617	0.03630	-0.69465	0.05241	0.03630	0.01815	0.01815
ACG	CCG	AC	-0.77643	0.02279	0.01507	0.77643	0.01048	0.01507	0.00754	0.00754
ACG	ATG	CT	-0.56915	0.03061	0.02272	0.56915	0.01732	0.02272	0.01136	0.01136
ACG	ACT	GT	-0.87990	0.02617	0.01632	0.87990	0.01085	0.01632	0.01632	0.01632
ACG	ACC	GC	-1.43468	0.02279	0.01022	1.43468	0.00543	0.01022	0.01022	0.01022
ACG	ACA	GA	-2.04454	0.06131	0.01864	2.04454	0.00794	0.01864	0.01864	0.01864
AAT	TAT	AT	-0.15265	0.00916	0.00848	0.15265	0.00786	0.00848	0.00424	0.00424
AAT	CAT	AC	1.37201	0.00798	0.01466	-1.37201	0.03145	0.01466	0.00733	0.00733
AAT	ATT	AT	-1.25126	0.00916	0.00459	1.25126	0.00262	0.00459	0.00230	0.00230
AAT	ACT	AC	0.96654	0.00798	0.01244	-0.96654	0.02097	0.01244	0.00622	0.00622
AAC	TAC	AT	-0.31696	0.01439	0.01223	0.31696	0.01048	0.01223	0.00612	0.00612
AAC	CAC	AC	1.47964	0.01253	0.02401	-1.47964	0.05503	0.02401	0.01201	0.01201
AAC	ATC	AT	0.49397	0.01439	0.01824	-0.49397	0.02359	0.01824	0.00912	0.00912
AAC	ACC	AC	-0.17859	0.01253	0.01145	0.17859	0.01048	0.01145	0.00572	0.00572
AAC	AAT	CT	-0.59035	0.01683	0.01235	0.59035	0.00933	0.01235	0.01235	0.01235
AAA	CAA	AC	0.20440	0.01709	0.01890	-0.20440	0.02097	0.01890	0.00945	0.00945
AAA	ATA	AT	-9.22633	0.01963	0.00002	9.22633	0.00000	0.00000	0.00001	0.00000
AAA	ACA	AC	-0.26560	0.01709	0.01492	0.26560	0.01310	0.01492	0.00746	0.00746
AAA	AAT	AT	-0.06749	0.01963	0.01897	0.06749	0.01834	0.01897	0.00949	0.00949
AAA	AAC	AC	0.52286	0.01709	0.02194	-0.52286	0.02883	0.02194	0.01097	0.01097
AAG	CAG	AC	0.30238	0.01937	0.02244	-0.30238	0.02621	0.02244	0.01122	0.01122
AAG	ATG	AT	0.42638	0.02224	0.02732	-0.42638	0.03407	0.02732	0.01366	0.01366
AAG	ACG	AC	0.99553	0.01937	0.03058	-0.99553	0.05241	0.03058	0.01529	0.01529
AAG	AAT	GT	-0.85091	0.02224	0.01411	0.85091	0.00950	0.01411	0.00705	0.00705
AAG	AAC	GC	-0.26056	0.01937	0.01695	0.26056	0.01493	0.01695	0.00848	0.00848
AAG	AAA	GA	-0.78341	0.05211	0.03434	0.78341	0.02381	0.03434	0.03434	0.03434
AGT	TGT	AT	1.79326	0.01047	0.02252	-1.79326	0.06290	0.02252	0.01126	0.01126
AGT	CGT	AC	1.58678	0.00911	0.01818	-1.58678	0.04455	0.01818	0.00909	0.00909
AGT	ATT	GT	-2.04305	0.01047	0.00318	2.04305	0.00136	0.00318	0.00159	0.00159
AGT	ACT	GC	0.17476	0.00911	0.00993	-0.17476	0.01085	0.00993	0.00497	0.00497
AGT	AAT	GA	-0.79178	0.02452	0.01608	0.79178	0.01111	0.01608	0.00804	0.00804
AGC	TGC	AT	1.79326	0.01570	0.03378	-1.79326	0.09434	0.03378	0.01689	0.01689
AGC	CGC	AC	0.74600	0.01367	0.01940	-0.74600	0.02883	0.01940	0.00970	0.00970
AGC	ATC	GT	-0.25129	0.01570	0.01381	0.25129	0.01221	0.01381	0.00691	0.00691
AGC	ACC	GC	-0.92385	0.01367	0.00832	0.92385	0.00543	0.00832	0.00416	0.00416
AGC	AAC	GA	-0.74526	0.03678	0.02476	0.74526	0.01746	0.02476	0.01238	0.01238
AGC	AGT	CT	-0.54383	0.01836	0.01382	0.54383	0.01066	0.01382	0.01382	0.01382
AGA	CGA	AC	-0.26560	0.01367	0.01194	0.26560	0.01048	0.01194	0.01194	0.01194
AGA	ATA	GT	-9.66143	0.01570	0.00001	9.66143	0.00000	0.00000	0.00000	0.00000
AGA	ACA	GC	-0.70071	0.01367	0.00944	0.70071	0.00678	0.00944	0.00472	0.00472
AGA	AAA	GA	-0.43511	0.03678	0.02936	0.43511	0.02381	0.02936	0.01468	0.01468
AGA	AGT	AT	0.28918	0.01570	0.01808	-0.28918	0.02097	0.01808	0.00904	0.00904
AGA	AGC	AC	0.83301	0.01367	0.02015	-0.83301	0.03145	0.02015	0.01007	0.01007
AGG	TGG	AT	1.16465	0.01308	0.02215	-1.16465	0.04193	0.02215	0.01107	0.01107
AGG	CGG	AC	0.32218	0.01139	0.01333	-0.32218	0.01572	0.01333	0.01333	0.01333
AGG	ATG	GT	0.29876	0.01308	0.01514	-0.29876	0.01764	0.01514	0.00757	0.00757
AGG	ACG	GC	0.86791	0.01139	0.01704	-0.86791	0.02714	0.01704	0.00852	0.00852
AGG	AAG	GA	-0.12762	0.03065	0.02874	0.12762	0.02698	0.02874	0.01437	0.01437
AGG	AGT	GT	-0.18675	0.01308	0.01190	0.18675	0.01085	0.01190	0.00595	0.00595
AGG	AGC	GC	0.35708	0.01139	0.01355	-0.35708	0.01628	0.01355	0.00677	0.00677
AGG	AGA	GA	-0.47593	0.03065	0.02394	0.47593	0.01904	0.02394	0.02394	0.02394
GTT	TTT	GT	-0.31191	0.02224	0.01895	0.31191	0.01628	0.01895	0.00948	0.00948
GTT	CTT	GC	0.04960	0.01937	0.01985	-0.04960	0.02035	0.01985	0.00993	0.00993
GTT	ATT	GA	-3.49146	0.05211	0.00572	3.49146	0.00159	0.00572	0.00286	0.00286
GTC	TTC	GT	-0.40544	0.01832	0.01485	0.40544	0.01221	0.01485	0.00743	0.00743
GTC	CTC	GC	0.10065	0.01595	0.01677	-0.10065	0.01764	0.01677	0.00838	0.00838
GTC	ATC	GA	-1.10008	0.04291	0.02355	1.10008	0.01428	0.02355	0.01178	0.01178
GTC	GTT	CT	0.05579	0.02143	0.02203	-0.05579	0.02265	0.02203	0.02203	0.02203
GTA	TTA	GT	-0.65675	0.01047	0.00740	0.65675	0.00543	0.00740	0.00370	0.00370
GTA	CTA	GC	-0.80607	0.00911	0.00593	0.80607	0.00407	0.00593	0.00296	0.00296
GTA	ATA	GA	-9.95061	0.02452	0.00001	9.95061	0.00000	0.00000	0.00001	0.00000
GTA	GTT	AT	1.44842	0.01047	0.01982	-1.44842	0.04455	0.01982	0.01982	0.01982
GTA	GTC	AC	1.39263	0.00911	0.01689	-1.39263	0.03669	0.01689	0.01689	0.01689
GTG	TTG	GT	0.36182	0.01701	0.02027	-0.36182	0.02442	0.02027	0.01014	0.01014
GTG	CTG	GC	-0.78075	0.01481	0.00977	0.78075	0.00678	0.00977	0.00489	0.00489
GTG	ATG	GA	-0.65825	0.03985	0.02816	0.65825	0.02063	0.02816	0.01408	0.01408
GTG	GTT	GT	0.30466	0.01701	0.01973	-0.30466	0.02307	0.01973	0.01973	0.01973
GTG	GTC	GC	0.24887	0.01481	0.01673	-0.24887	0.01900	0.01673	0.01673	0.01673
GTG	GTA	GA	-1.14376	0.03985	0.02131	1.14376	0.01270	0.02131	0.02131	0.02131
GCT	TCT	GT	-0.69184	0.03794	0.02632	0.69184	0.01900	0.02632	0.01316	0.01316
GCT	CCT	GC	-1.24663	0.03304	0.01662	1.24663	0.00950	0.01662	0.00831	0.00831
GCT	ACT	GA	-1.94610	0.08889	0.02883	1.94610	0.01270	0.02883	0.01441	0.01441
GCT	GTT	CT	-0.67245	0.04438	0.03112	0.67245	0.02265	0.03112	0.01556	0.01556
GCC	TCC	GT	0.19055	0.02355	0.02587	-0.19055	0.02849	0.02587	0.01293	0.01293
GCC	CCC	GC	-1.61700	0.02051	0.00821	1.61700	0.00407	0.00821	0.00411	0.00411
GCC	ACC	GA	-2.16233	0.05518	0.01551	2.16233	0.00635	0.01551	0.00776	0.00776
GCC	GTC	CT	-0.38968	0.02755	0.02253	0.38968	0.01866	0.02253	0.01126	0.01126
GCC	GCT	CT	0.33856	0.02755	0.03247	-0.33856	0.03865	0.03247	0.03247	0.03247
GCA	TCA	GT	-0.25129	0.01570	0.01381	0.25129	0.01221	0.01381	0.00691	0.00691
GCA	CCA	GC	-0.23071	0.01367	0.01216	0.23071	0.01085	0.01216	0.00608	0.00608
GCA	ACA	GA	-1.53372	0.03678	0.01552	1.53372	0.00794	0.01552	0.00776	0.00776
GCA	GTA	CT	-0.54383	0.01836	0.01382	0.54383	0.01066	0.01382	0.00691	0.00691
GCA	GCT	AT	1.57703	0.01570	0.03121	-1.57703	0.07600	0.03121	0.03121	0.03121
GCA	GCC	AC	1.23848	0.01367	0.02384	-1.23848	0.04717	0.02384	0.02384	0.02384
GCG	TCG	GT	-0.18675	0.03271	0.02975	0.18675	0.02714	0.02975	0.01487	0.01487
GCG	CCG	GC	-1.65782	0.02848	0.01112	1.65782	0.00543	0.01112	0.00556	0.00556
GCG	ACG	GA	-0.88139	0.07663	0.04776	0.88139	0.03174	0.04776	0.02388	0.02388
GCG	GTG	CT	-0.79229	0.03826	0.02508	0.79229	0.01732	0.02508	0.01254	0.01254
GCG	GCT	GT	0.18481	0.03271	0.03582	-0.18481	0.03935	0.03582	0.03582	0.03582
GCG	GCC	GC	-0.15374	0.02848	0.02635	0.15374	0.02442	0.02635	0.02635	0.02635
GCG	GCA	GA	-1.39222	0.07663	0.03528	1.39222	0.01904	0.03528	0.03528	0.03528
GAT	TAT	GT	-2.19720	0.03663	0.01006	2.19720	0.00407	0.01006	0.00503	0.00503
GAT	CAT	GC	-0.67254	0.03190	0.02237	0.67254	0.01628	0.02237	0.01118	0.01118
GAT	AAT	GA	-2.04454	0.08583	0.02609	2.04454	0.01111	0.02609	0.01305	0.01305
GAT	GTT	AT	0.19565	0.03663	0.04033	-0.19565	0.04455	0.04033	0.02017	0.02017
GAT	GCT	AC	0.86810	0.03190	0.04773	-0.86810	0.07600	0.04773	0.02386	0.02386
GAC	TAC	GT	-1.57304	0.02617	0.01077	1.57304	0.00543	0.01077	0.00539	0.00539
GAC	CAC	GC	0.22355	0.02279	0.02543	-0.22355	0.02849	0.02543	0.01271	0.01271
GAC	AAC	GA	-1.25609	0.06131	0.03066	1.25609	0.01746	0.03066	0.01533	0.01533
GAC	GTC	AT	0.33797	0.02617	0.03084	-0.33797	0.03669	0.03084	0.01542	0.01542
GAC	GCC	AC	0.72765	0.02279	0.03207	-0.72765	0.04717	0.03207	0.01604	0.01604
GAC	GAT	CT	0.19811	0.03061	0.03374	-0.19811	0.03731	0.03374	0.03374	0.03374
GAA	CAA	GC	-0.45385	0.01709	0.01350	0.45385	0.01085	0.01350	0.00675	0.00675
GAA	AAA	GA	-0.65825	0.04598	0.03249	0.65825	0.02381	0.03249	0.01625	0.01625
GAA	GTA	AT	0.06604	0.01963	0.02028	-0.06604	0.02097	0.02028	0.01014	0.01014
GAA	GCA	AC	0.60987	0.01709	0.02283	-0.60987	0.03145	0.02283	0.01141	0.01141
GAA	GAT	AT	1.31880	0.01963	0.03533	-1.31880	0.07338	0.03533	0.01767	0.01767
GAA	GAC	AC	1.12069	0.01709	0.02842	-1.12069	0.05241	0.02842	0.01421	0.01421
GAG	CAG	GC	-0.35587	0.01937	0.01613	0.35587	0.01357	0.01613	0.00806	0.00806
GAG	AAG	GA	-0.65825	0.05211	0.03683	0.65825	0.02698	0.03683	0.01841	0.01841
GAG	GTG	AT	0.42638	0.02224	0.02732	-0.42638	0.03407	0.02732	0.01366	0.01366
GAG	GCG	AC	1.21867	0.01937	0.03351	-1.21867	0.06552	0.03351	0.01675	0.01675
GAG	GAT	GT	0.53539	0.02224	0.02872	-0.53539	0.03799	0.02872	0.01436	0.01436
GAG	GAC	GC	0.33728	0.01937	0.02282	-0.33728	0.02714	0.02282	0.01141	0.01141
GAG	GAA	GA	-0.78341	0.05211	0.03434	0.78341	0.02381	0.03434	0.03434	0.03434
GGT	TGT	GT	1.01722	0.01178	0.01876	-1.01722	0.03256	0.01876	0.00938	0.00938
GGT	CGT	GC	0.81075	0.01025	0.01497	-0.81075	0.02307	0.01497	0.00748	0.00748
GGT	AGT	GA	-0.77603	0.02759	0.01825	0.77603	0.01270	0.01825	0.00913	0.00913
GGT	GTT	GT	0.67238	0.01178	0.01617	-0.67238	0.02307	0.01617	0.00809	0.00809
GGT	GCT	GC	1.34483	0.01025	0.01865	-1.34483	0.03935	0.01865	0.00932	0.00932
GGT	GAT	GA	0.47673	0.02759	0.03468	-0.47673	0.04444	0.03468	0.01734	0.01734
GGC	TGC	GT	1.82815	0.00785	0.01710	-1.82815	0.04885	0.01710	0.00855	0.00855
GGC	CGC	GC	0.78090	0.00684	0.00985	-0.78090	0.01493	0.00985	0.00492	0.00492
GGC	AGC	GA	0.03490	0.01839	0.01871	-0.03490	0.01904	0.01871	0.00936	0.00936
GGC	GTC	GT	0.88369	0.00785	0.01182	-0.88369	0.01900	0.01182	0.00591	0.00591
GGC	GCC	GC	1.27337	0.00684	0.01209	-1.27337	0.02442	0.01209	0.00604	0.00604
GGC	GAC	GA	0.54572	0.01839	0.02386	-0.54572	0.03174	0.02386	0.01193	0.01193
GGC	GGT	CT	0.26710	0.00918	0.01046	-0.26710	0.01199	0.01046	0.01046	0.01046
GGA	CGA	GC	-1.07800	0.01595	0.00887	1.07800	0.00543	0.00887	0.00443	0.00443
GGA	AGA	GA	-0.81240	0.04291	0.02782	0.81240	0.01904	0.02782	0.01391	0.01391
GGA	GTA	GT	-0.52322	0.01832	0.01394	0.52322	0.01085	0.01394	0.00697	0.00697
GGA	GCA	GC	0.02061	0.01595	0.01612	-0.02061	0.01628	0.01612	0.00806	0.00806
GGA	GAA	GA	-0.58926	0.04291	0.03151	0.58926	0.02381	0.03151	0.01575	0.01575
GGA	GGT	AT	0.25281	0.01832	0.02073	-0.25281	0.02359	0.02073	0.02073	0.02073
GGA	GGC	AC	-0.01429	0.01595	0.01584	0.01429	0.01572	0.01584	0.01584	0.01584
GGG	TGG	GT	1.71037	0.00393	0.00819	-1.71037	0.02171	0.00819	0.00410	0.00410
GGG	CGG	GC	0.86791	0.00342	0.00511	-0.86791	0.00814	0.00511	0.00256	0.00256
GGG	AGG	GA	0.54572	0.00920	0.01193	-0.54572	0.01587	0.01193	0.00597	0.00597
GGG	GTG	GT	1.50273	0.00393	0.00759	-1.50273	0.01764	0.00759	0.00379	0.00379
GGG	GCG	GC	2.29502	0.00342	0.00872	-2.29502	0.03392	0.00872	0.00436	0.00436
GGG	GAG	GA	1.07635	0.00920	0.01502	-1.07635	0.02698	0.01502	0.00751	0.00751
GGG	GGT	GT	1.13501	0.00393	0.00657	-1.13501	0.01221	0.00657	0.00657	0.00657
GGG	GGC	GC	0.86791	0.00342	0.00511	-0.86791	0.00814	0.00511	0.00511	0.00511
GGG	GGA	GA	0.88219	0.00920	0.01384	-0.88219	0.02222	0.01384	0.01384	0.01384


Histograms
2Ns	FMut	FSub(CodonUsage)	FSubw(after w)

-9.93916	0.00959	0.00000	0.00000
-8.94525	0.00422	0.00000	0.00000
-7.95133	0.00024	0.00000	0.00000
-6.95742	0.00000	0.00000	0.00000
-5.96350	0.00000	0.00000	0.00000
-4.96958	0.00000	0.00000	0.00000
-3.97567	0.00846	0.00110	0.00089
-2.98175	0.02658	0.00600	0.00482
-1.98783	0.13581	0.05502	0.05598
-0.99392	0.33939	0.24875	0.24874
0.00000	0.31651	0.37824	0.37913
0.99392	0.13658	0.24875	0.24874
1.98783	0.02067	0.05502	0.05598
2.98175	0.00170	0.00600	0.00482
3.97567	0.00025	0.00110	0.00089
4.96958	0.00000	0.00000	0.00000
5.96350	0.00000	0.00000	0.00000
6.95742	0.00000	0.00000	0.00000
7.95133	0.00000	0.00000	0.00000
8.94525	0.00000	0.00000	0.00000
9.93916	0.00000	0.00000	0.00000

Proportion of advantageous (S > 0) mutations:
 0.29821

Proportions of good & bad mutations (|S| > 2.0000) among mutations:
0.00827  0.10510

mean |Ns| = 1.06428	mean Ns+ = 0.65674	mean Ns- = -1.23746
