Supplemental results for CODEML (seqf: aligned.fas  treef: AT2G47890_AT2G47890.1_Athaliana_Araport11.treefile)

I	J	ij	2Ns_IJ	pMut_IJ	pSub_IJ	2Ns_JI	pMut_JI	pSub_JI

TTC	TTT	CT	0.15389	0.01672	0.01804	-0.15389	0.01950	0.01804	0.01804	0.01804
TTA	TTT	AT	0.98227	0.00677	0.01064	-0.98227	0.01809	0.01064	0.00532	0.00532
TTA	TTC	AC	0.82839	0.00757	0.01114	-0.82839	0.01734	0.01114	0.00557	0.00557
TTG	TTT	GT	0.01325	0.01807	0.01819	-0.01325	0.01831	0.01819	0.00909	0.00909
TTG	TTC	GC	-0.14064	0.02019	0.01881	0.14064	0.01754	0.01881	0.00940	0.00940
TTG	TTA	GA	-0.96903	0.03106	0.01841	0.96903	0.01179	0.01841	0.01841	0.01841
TCT	TTT	CT	0.51679	0.01163	0.01490	-0.51679	0.01950	0.01490	0.00745	0.00745
TCC	TTC	CT	0.53877	0.01091	0.01411	-0.53877	0.01869	0.01411	0.00705	0.00705
TCC	TCT	CT	0.17587	0.01091	0.01189	-0.17587	0.01300	0.01189	0.01189	0.01189
TCA	TTA	CT	-0.04282	0.01018	0.00996	0.04282	0.00975	0.00996	0.00498	0.00498
TCA	TCT	AT	0.42266	0.00790	0.00969	-0.42266	0.01206	0.00969	0.00969	0.00969
TCA	TCC	AC	0.24679	0.00883	0.00997	-0.24679	0.01131	0.00997	0.00997	0.00997
TCG	TTG	CT	0.68669	0.01309	0.01809	-0.68669	0.02600	0.01809	0.00905	0.00905
TCG	TCT	GT	0.18315	0.01016	0.01112	-0.18315	0.01220	0.01112	0.01112	0.01112
TCG	TCC	GC	0.00728	0.01136	0.01140	-0.00728	0.01144	0.01140	0.01140	0.01140
TCG	TCA	GA	-0.23951	0.01747	0.01546	0.23951	0.01375	0.01546	0.01546	0.01546
TAT	TTT	AT	0.90223	0.00734	0.01114	-0.90223	0.01809	0.01114	0.00557	0.00557
TAT	TCT	AC	0.38544	0.00820	0.00989	-0.38544	0.01206	0.00989	0.00494	0.00494
TAC	TTC	AT	0.78556	0.00790	0.01141	-0.78556	0.01734	0.01141	0.00571	0.00571
TAC	TCC	AC	0.24679	0.00883	0.00997	-0.24679	0.01131	0.00997	0.00498	0.00498
TAC	TAT	CT	0.03722	0.01018	0.01037	-0.03722	0.01056	0.01037	0.01037	0.01037
TGT	TTT	GT	1.08109	0.00621	0.01016	-1.08109	0.01831	0.01016	0.00508	0.00508
TGT	TCT	GC	0.56430	0.00694	0.00908	-0.56430	0.01220	0.00908	0.00454	0.00454
TGT	TAT	GA	0.17886	0.01068	0.01166	-0.17886	0.01277	0.01166	0.00583	0.00583
TGC	TTC	GT	1.35698	0.00452	0.00825	-1.35698	0.01754	0.00825	0.00413	0.00413
TGC	TCC	GC	0.81821	0.00505	0.00739	-0.81821	0.01144	0.00739	0.00370	0.00370
TGC	TAC	GA	0.57142	0.00777	0.01020	-0.57142	0.01375	0.01020	0.00510	0.00510
TGC	TGT	CT	0.42978	0.00582	0.00716	-0.42978	0.00894	0.00716	0.00716	0.00716
TGG	TTG	GT	1.36877	0.00621	0.01140	-1.36877	0.02441	0.01140	0.00570	0.00570
TGG	TCG	GC	0.68208	0.00694	0.00958	-0.68208	0.01373	0.00958	0.00479	0.00479
TGG	TGT	GT	0.30093	0.00621	0.00719	-0.30093	0.00839	0.00719	0.00360	0.00360
TGG	TGC	GC	-0.12885	0.00694	0.00650	0.12885	0.00610	0.00650	0.00325	0.00325
CTT	TTT	CT	0.39901	0.01309	0.01587	-0.39901	0.01950	0.01587	0.00794	0.00794
CTC	TTC	CT	1.16738	0.00582	0.00986	-1.16738	0.01869	0.00986	0.00493	0.00493
CTC	CTT	CT	0.92226	0.00582	0.00890	-0.92226	0.01463	0.00890	0.00890	0.00890
CTA	TTA	CT	0.19834	0.00800	0.00882	-0.19834	0.00975	0.00882	0.00882	0.00882
CTA	CTT	AT	0.78160	0.00621	0.00895	-0.78160	0.01357	0.00895	0.00895	0.00895
CTA	CTC	AC	-0.14065	0.00694	0.00646	0.14065	0.00603	0.00646	0.00646	0.00646
CTG	TTG	CT	1.09216	0.00872	0.01434	-1.09216	0.02600	0.01434	0.01434	0.01434
CTG	CTT	GT	0.70639	0.00677	0.00945	-0.70639	0.01373	0.00945	0.00945	0.00945
CTG	CTC	GC	-0.21586	0.00757	0.00678	0.21586	0.00610	0.00678	0.00678	0.00678
CTG	CTA	GA	-0.07521	0.01165	0.01122	0.07521	0.01081	0.01122	0.01122	0.01122
CCT	TCT	CT	-0.16061	0.01527	0.01407	0.16061	0.01300	0.01407	0.00704	0.00704
CCT	CTT	CT	-0.04282	0.01527	0.01494	0.04282	0.01463	0.01494	0.00747	0.00747
CCC	TCC	CT	1.72077	0.00218	0.00457	-1.72077	0.01219	0.00457	0.00229	0.00229
CCC	CTC	CT	1.09216	0.00218	0.00358	-1.09216	0.00650	0.00358	0.00179	0.00179
CCC	CCT	CT	2.05724	0.00218	0.00514	-2.05724	0.01707	0.00514	0.00514	0.00514
CCA	TCA	CT	-0.02220	0.01163	0.01150	0.02220	0.01138	0.01150	0.00575	0.00575
CCA	CTA	CT	-0.26337	0.01163	0.01017	0.26337	0.00894	0.01017	0.00508	0.00508
CCA	CCT	AT	0.56106	0.00903	0.01180	-0.56106	0.01583	0.01180	0.01180	0.01180
CCA	CCC	AC	-1.49618	0.01010	0.00436	1.49618	0.00226	0.00436	0.00436	0.00436
CCG	TCG	CT	0.11133	0.01309	0.01383	-0.11133	0.01463	0.01383	0.00691	0.00691
CCG	CTG	CT	-0.29414	0.01309	0.01126	0.29414	0.00975	0.01126	0.00563	0.00563
CCG	CCT	GT	0.45508	0.01016	0.01265	-0.45508	0.01602	0.01265	0.01265	0.01265
CCG	CCC	GC	-1.60216	0.01136	0.00459	1.60216	0.00229	0.00459	0.00459	0.00459
CCG	CCA	GA	-0.10598	0.01747	0.01656	0.10598	0.01572	0.01656	0.01656	0.01656
CAT	TAT	CT	-0.09631	0.01163	0.01108	0.09631	0.01056	0.01108	0.00554	0.00554
CAT	CTT	AT	0.40691	0.00903	0.01099	-0.40691	0.01357	0.01099	0.00550	0.00550
CAT	CCT	AC	0.44973	0.01010	0.01254	-0.44973	0.01583	0.01254	0.00627	0.00627
CAC	TAC	CT	0.67094	0.00582	0.00798	-0.67094	0.01138	0.00798	0.00399	0.00399
CAC	CTC	AT	0.28913	0.00452	0.00520	-0.28913	0.00603	0.00520	0.00260	0.00260
CAC	CCC	AC	-0.80303	0.00505	0.00329	0.80303	0.00226	0.00329	0.00164	0.00164
CAC	CAT	CT	0.80447	0.00582	0.00847	-0.80447	0.01300	0.00847	0.00847	0.00847
CAA	CTA	AT	-0.08557	0.00903	0.00865	0.08557	0.00829	0.00865	0.00433	0.00433
CAA	CCA	AC	0.17780	0.01010	0.01102	-0.17780	0.01206	0.01102	0.00551	0.00551
CAA	CAT	AT	0.28913	0.00903	0.01040	-0.28913	0.01206	0.01040	0.00520	0.00520
CAA	CAC	AC	-0.51535	0.01010	0.00772	0.51535	0.00603	0.00772	0.00386	0.00386
CAG	CTG	AT	-0.31701	0.01242	0.01056	0.31701	0.00905	0.01056	0.00528	0.00528
CAG	CCG	AC	-0.02287	0.01388	0.01372	0.02287	0.01357	0.01372	0.00686	0.00686
CAG	CAT	GT	-0.01752	0.01242	0.01231	0.01752	0.01220	0.01231	0.00616	0.00616
CAG	CAC	GC	-0.82200	0.01388	0.00895	0.82200	0.00610	0.00895	0.00448	0.00448
CAG	CAA	GA	-0.30665	0.02136	0.01825	0.30665	0.01572	0.01825	0.01825	0.01825
CGT	TGT	CT	-0.19883	0.01091	0.00986	0.19883	0.00894	0.00986	0.00493	0.00493
CGT	CTT	GT	0.48325	0.00847	0.01068	-0.48325	0.01373	0.01068	0.00534	0.00534
CGT	CCT	GC	0.52607	0.00947	0.01217	-0.52607	0.01602	0.01217	0.00609	0.00609
CGT	CAT	GA	0.07634	0.01456	0.01512	-0.07634	0.01572	0.01512	0.00756	0.00756
CGC	TGC	CT	0.80447	0.00291	0.00423	-0.80447	0.00650	0.00423	0.00212	0.00212
CGC	CTC	GT	0.99408	0.00226	0.00356	-0.99408	0.00610	0.00356	0.00178	0.00178
CGC	CCC	GC	-0.09808	0.00252	0.00240	0.09808	0.00229	0.00240	0.00120	0.00120
CGC	CAC	GA	0.70495	0.00388	0.00541	-0.70495	0.00786	0.00541	0.00271	0.00271
CGC	CGT	CT	1.43308	0.00291	0.00547	-1.43308	0.01219	0.00547	0.00547	0.00547
CGA	CTA	GT	0.39624	0.00565	0.00684	-0.39624	0.00839	0.00684	0.00342	0.00342
CGA	CCA	GC	0.65961	0.00631	0.00862	-0.65961	0.01220	0.00862	0.00431	0.00431
CGA	CAA	GA	0.48181	0.00971	0.01223	-0.48181	0.01572	0.01223	0.00612	0.00612
CGA	CGT	AT	0.69459	0.00565	0.00783	-0.69459	0.01131	0.00783	0.00783	0.00783
CGA	CGC	AC	-0.73849	0.00631	0.00426	0.73849	0.00302	0.00426	0.00426	0.00426
CGG	TGG	CT	0.31200	0.00654	0.00762	-0.31200	0.00894	0.00762	0.00381	0.00381
CGG	CTG	GT	0.58861	0.00508	0.00672	-0.58861	0.00915	0.00672	0.00336	0.00336
CGG	CCG	GC	0.88275	0.00568	0.00855	-0.88275	0.01373	0.00855	0.00428	0.00428
CGG	CAG	GA	0.90562	0.00874	0.01328	-0.90562	0.02161	0.01328	0.00664	0.00664
CGG	CGT	GT	0.81176	0.00508	0.00742	-0.81176	0.01144	0.00742	0.00742	0.00742
CGG	CGC	GC	-0.62133	0.00568	0.00410	0.62133	0.00305	0.00410	0.00410	0.00410
CGG	CGA	GA	0.11716	0.00874	0.00926	-0.11716	0.00982	0.00926	0.00926	0.00926
ATT	TTT	AT	0.47145	0.01129	0.01416	-0.47145	0.01809	0.01416	0.00708	0.00708
ATT	CTT	AC	0.07244	0.01262	0.01308	-0.07244	0.01357	0.01308	0.00654	0.00654
ATC	TTC	AT	0.42889	0.01129	0.01388	-0.42889	0.01734	0.01388	0.00694	0.00694
ATC	CTC	AC	-0.73849	0.01262	0.00853	0.73849	0.00603	0.00853	0.00426	0.00426
ATC	ATT	CT	0.11133	0.01454	0.01537	-0.11133	0.01625	0.01537	0.01537	0.01537
ATA	TTA	AT	0.28913	0.00677	0.00780	-0.28913	0.00905	0.00780	0.00390	0.00390
ATA	CTA	AC	0.09079	0.00757	0.00792	-0.09079	0.00829	0.00792	0.00396	0.00396
ATA	ATT	AT	0.79995	0.00677	0.00984	-0.79995	0.01508	0.00984	0.00984	0.00984
ATA	ATC	AC	0.68862	0.00757	0.01048	-0.68862	0.01508	0.01048	0.01048	0.01048
ATG	TTG	AT	0.11728	0.02145	0.02274	-0.11728	0.02412	0.02274	0.01137	0.01137
ATG	CTG	AC	-0.97488	0.02398	0.01416	0.97488	0.00905	0.01416	0.00708	0.00708
ATG	ATT	GT	-0.34092	0.02145	0.01800	0.34092	0.01526	0.01800	0.00900	0.00900
ATG	ATC	GC	-0.45225	0.02398	0.01896	0.45225	0.01526	0.01896	0.00948	0.00948
ATG	ATA	GA	-1.14088	0.03689	0.01976	1.14088	0.01179	0.01976	0.00988	0.00988
ACT	TCT	AT	0.01719	0.01186	0.01196	-0.01719	0.01206	0.01196	0.00598	0.00598
ACT	CCT	AC	0.17780	0.01325	0.01446	-0.17780	0.01583	0.01446	0.00723	0.00723
ACT	ATT	CT	0.06254	0.01527	0.01575	-0.06254	0.01625	0.01575	0.00788	0.00788
ACC	TCC	AT	0.59928	0.00621	0.00826	-0.59928	0.01131	0.00826	0.00413	0.00413
ACC	CCC	AC	-1.12148	0.00694	0.00376	1.12148	0.00226	0.00376	0.00188	0.00188
ACC	ATC	CT	0.70916	0.00800	0.01117	-0.70916	0.01625	0.01117	0.00558	0.00558
ACC	ACT	CT	0.75795	0.00800	0.01141	-0.75795	0.01707	0.01141	0.01141	0.01141
ACA	TCA	AT	0.15559	0.00903	0.00975	-0.15559	0.01055	0.00975	0.00488	0.00488
ACA	CCA	AC	0.17780	0.01010	0.01102	-0.17780	0.01206	0.01102	0.00551	0.00551
ACA	ATA	CT	-0.17635	0.01163	0.01064	0.17635	0.00975	0.01064	0.00532	0.00532
ACA	ACT	AT	0.56106	0.00903	0.01180	-0.56106	0.01583	0.01180	0.01180	0.01180
ACA	ACC	AC	-0.19689	0.01010	0.00914	0.19689	0.00829	0.00914	0.00914	0.00914
ACG	TCG	AT	0.08846	0.01242	0.01298	-0.08846	0.01357	0.01298	0.00649	0.00649
ACG	CCG	AC	-0.02287	0.01388	0.01372	0.02287	0.01357	0.01372	0.00686	0.00686
ACG	ATG	CT	0.65787	0.01599	0.02183	-0.65787	0.03088	0.02183	0.01091	0.01091
ACG	ACT	GT	0.25441	0.01242	0.01407	-0.25441	0.01602	0.01407	0.01407	0.01407
ACG	ACC	GC	-0.50354	0.01388	0.01068	0.50354	0.00839	0.01068	0.01068	0.01068
ACG	ACA	GA	-0.30665	0.02136	0.01825	0.30665	0.01572	0.01825	0.01825	0.01825
AAT	TAT	AT	-0.47813	0.01581	0.01233	0.47813	0.00980	0.01233	0.00616	0.00616
AAT	CAT	AC	-0.38182	0.01767	0.01451	0.38182	0.01206	0.01451	0.00725	0.00725
AAT	ATT	AT	-0.04735	0.01581	0.01544	0.04735	0.01508	0.01544	0.00772	0.00772
AAT	ACT	AC	-0.10988	0.01767	0.01672	0.10988	0.01583	0.01672	0.00836	0.00836
AAC	TAC	AT	-0.20731	0.01298	0.01169	0.20731	0.01055	0.01169	0.00584	0.00584
AAC	CAC	AC	-0.87825	0.01451	0.00906	0.87825	0.00603	0.00906	0.00453	0.00453
AAC	ATC	AT	0.14936	0.01298	0.01398	-0.14936	0.01508	0.01398	0.00699	0.00699
AAC	ACC	AC	-0.55980	0.01451	0.01083	0.55980	0.00829	0.01083	0.00541	0.00541
AAC	AAT	CT	0.30804	0.01672	0.01943	-0.30804	0.02275	0.01943	0.01943	0.01943
AAA	CAA	AC	-0.68720	0.02398	0.01668	0.68720	0.01206	0.01668	0.00834	0.00834
AAA	ATA	AT	-0.86355	0.02145	0.01351	0.86355	0.00905	0.01351	0.00675	0.00675
AAA	ACA	AC	-0.68720	0.02398	0.01668	0.68720	0.01206	0.01668	0.00834	0.00834
AAA	AAT	AT	-0.01626	0.02145	0.02128	0.01626	0.02111	0.02128	0.01064	0.01064
AAA	AAC	AC	-0.32429	0.02398	0.02030	0.32429	0.01734	0.02030	0.01015	0.01015
AAG	CAG	AC	-0.80870	0.03723	0.02418	0.80870	0.01658	0.02418	0.01209	0.01209
AAG	ATG	AT	-0.15082	0.03331	0.03086	0.15082	0.02865	0.03086	0.01543	0.01543
AAG	ACG	AC	-0.80870	0.03723	0.02418	0.80870	0.01658	0.02418	0.01209	0.01209
AAG	AAT	GT	-0.44440	0.03331	0.02645	0.44440	0.02136	0.02645	0.01323	0.01323
AAG	AAC	GC	-0.75244	0.03723	0.02496	0.75244	0.01754	0.02496	0.01248	0.01248
AAG	AAA	GA	-0.42815	0.05728	0.04589	0.42815	0.03733	0.04589	0.04589	0.04589
AGT	TGT	AT	-0.71418	0.01694	0.01160	0.71418	0.00829	0.01160	0.00580	0.00580
AGT	CGT	AC	-0.51535	0.01893	0.01447	0.51535	0.01131	0.01447	0.00724	0.00724
AGT	ATT	GT	-0.10454	0.01694	0.01607	0.10454	0.01526	0.01607	0.00803	0.00803
AGT	ACT	GC	-0.16707	0.01893	0.01739	0.16707	0.01602	0.01739	0.00870	0.00870
AGT	AAT	GA	-0.05719	0.02912	0.02830	0.05719	0.02750	0.02830	0.01415	0.01415
AGC	TGC	AT	0.06598	0.00565	0.00583	-0.06598	0.00603	0.00583	0.00292	0.00292
AGC	CGC	AC	-0.73849	0.00631	0.00426	0.73849	0.00302	0.00426	0.00213	0.00213
AGC	ATC	GT	0.99408	0.00565	0.00891	-0.99408	0.01526	0.00891	0.00445	0.00445
AGC	ACC	GC	0.28491	0.00631	0.00725	-0.28491	0.00839	0.00725	0.00363	0.00363
AGC	AAC	GA	0.84471	0.00971	0.01438	-0.84471	0.02259	0.01438	0.00719	0.00719
AGC	AGT	CT	1.20994	0.00727	0.01253	-1.20994	0.02438	0.01253	0.01253	0.01253
AGA	CGA	AC	-1.23319	0.02587	0.01312	1.23319	0.00754	0.01312	0.01312	0.01312
AGA	ATA	GT	-0.92774	0.02315	0.01405	0.92774	0.00915	0.01405	0.00702	0.00702
AGA	ACA	GC	-0.75138	0.02587	0.01736	0.75138	0.01220	0.01736	0.00868	0.00868
AGA	AAA	GA	-0.06418	0.03980	0.03854	0.06418	0.03733	0.03854	0.01927	0.01927
AGA	AGT	AT	-0.02325	0.02315	0.02288	0.02325	0.02261	0.02288	0.01144	0.01144
AGA	AGC	AC	-1.23319	0.02587	0.01312	1.23319	0.00754	0.01312	0.00656	0.00656
AGG	TGG	AT	-0.92390	0.02089	0.01270	0.92390	0.00829	0.01270	0.00635	0.00635
AGG	CGG	AC	-1.23589	0.02335	0.01182	1.23589	0.00678	0.01182	0.01182	0.01182
AGG	ATG	GT	0.32760	0.02089	0.02450	-0.32760	0.02899	0.02450	0.01225	0.01225
AGG	ACG	GC	-0.33027	0.02335	0.01970	0.33027	0.01678	0.01970	0.00985	0.00985
AGG	AAG	GA	0.47842	0.03592	0.04519	-0.47842	0.05796	0.04519	0.02260	0.02260
AGG	AGT	GT	0.09121	0.02089	0.02186	-0.09121	0.02288	0.02186	0.01093	0.01093
AGG	AGC	GC	-1.11873	0.02335	0.01267	1.11873	0.00763	0.01267	0.00634	0.00634
AGG	AGA	GA	0.11446	0.03592	0.03801	-0.11446	0.04027	0.03801	0.03801	0.03801
GTT	TTT	GT	-0.25869	0.02371	0.02078	0.25869	0.01831	0.02078	0.01039	0.01039
GTT	CTT	GC	-0.65770	0.02650	0.01874	0.65770	0.01373	0.01874	0.00937	0.00937
GTT	ATT	GA	-0.73013	0.04077	0.02768	0.73013	0.01965	0.02768	0.01384	0.01384
GTC	TTC	GT	1.23920	0.00508	0.00886	-1.23920	0.01754	0.00886	0.00443	0.00443
GTC	CTC	GC	0.07182	0.00568	0.00589	-0.07182	0.00610	0.00589	0.00294	0.00294
GTC	ATC	GA	0.81031	0.00874	0.01275	-0.81031	0.01965	0.01275	0.00637	0.00637
GTC	GTT	CT	1.65177	0.00654	0.01337	-1.65177	0.03413	0.01337	0.01337	0.01337
GTA	TTA	GT	0.38794	0.00621	0.00749	-0.38794	0.00915	0.00749	0.00375	0.00375
GTA	CTA	GC	0.18960	0.00694	0.00762	-0.18960	0.00839	0.00762	0.00381	0.00381
GTA	ATA	GA	0.09881	0.01068	0.01121	-0.09881	0.01179	0.01121	0.00561	0.00561
GTA	GTT	AT	1.62890	0.00621	0.01258	-1.62890	0.03166	0.01258	0.01258	0.01258
GTA	GTC	AC	-0.02287	0.00694	0.00686	0.02287	0.00678	0.00686	0.00686	0.00686
GTG	TTG	GT	0.18315	0.02032	0.02224	-0.18315	0.02441	0.02224	0.01112	0.01112
GTG	CTG	GC	-0.90901	0.02272	0.01394	0.90901	0.00915	0.01394	0.00697	0.00697
GTG	ATG	GA	0.06587	0.03495	0.03611	-0.06587	0.03733	0.03611	0.01806	0.01806
GTG	GTT	GT	0.45508	0.02032	0.02530	-0.45508	0.03204	0.02530	0.02530	0.02530
GTG	GTC	GC	-1.19669	0.02272	0.01177	1.19669	0.00686	0.01177	0.01177	0.01177
GTG	GTA	GA	-1.17382	0.03495	0.01836	1.17382	0.01081	0.01836	0.01836	0.01836
GCT	TCT	GT	-0.29378	0.01637	0.01408	0.29378	0.01220	0.01408	0.00704	0.00704
GCT	CCT	GC	-0.13317	0.01830	0.01711	0.13317	0.01602	0.01711	0.00855	0.00855
GCT	ACT	GA	-0.31097	0.02815	0.02400	0.31097	0.02063	0.02400	0.01200	0.01200
GCT	GTT	CT	0.48170	0.02108	0.02657	-0.48170	0.03413	0.02657	0.01328	0.01328
GCC	TCC	GT	1.06307	0.00395	0.00642	-1.06307	0.01144	0.00642	0.00321	0.00321
GCC	CCC	GC	-0.65770	0.00442	0.00312	0.65770	0.00229	0.00312	0.00156	0.00156
GCC	ACC	GA	0.46379	0.00680	0.00849	-0.46379	0.01081	0.00849	0.00425	0.00425
GCC	GTC	CT	0.36264	0.00509	0.00607	-0.36264	0.00731	0.00607	0.00303	0.00303
GCC	GCT	CT	1.53271	0.00509	0.00995	-1.53271	0.02357	0.00995	0.00995	0.00995
GCA	TCA	GT	0.45508	0.00677	0.00843	-0.45508	0.01068	0.00843	0.00422	0.00422
GCA	CCA	GC	0.47728	0.00757	0.00952	-0.47728	0.01220	0.00952	0.00476	0.00476
GCA	ACA	GA	0.29949	0.01165	0.01348	-0.29949	0.01572	0.01348	0.00674	0.00674
GCA	GTA	CT	0.02432	0.00872	0.00883	-0.02432	0.00894	0.00883	0.00442	0.00442
GCA	GCT	AT	1.17152	0.00677	0.01150	-1.17152	0.02186	0.01150	0.01150	0.01150
GCA	GCC	AC	-0.36120	0.00757	0.00629	0.36120	0.00528	0.00629	0.00629	0.00629
GCG	TCG	GT	0.99408	0.00508	0.00802	-0.99408	0.01373	0.00802	0.00401	0.00401
GCG	CCG	GC	0.88275	0.00568	0.00855	-0.88275	0.01373	0.00855	0.00428	0.00428
GCG	ACG	GA	0.90562	0.00874	0.01328	-0.90562	0.02161	0.01328	0.00664	0.00664
GCG	GTG	CT	1.49762	0.00654	0.01262	-1.49762	0.02926	0.01262	0.00631	0.00631
GCG	GCT	GT	1.47100	0.00508	0.00970	-1.47100	0.02212	0.00970	0.00970	0.00970
GCG	GCC	GC	-0.06171	0.00568	0.00551	0.06171	0.00534	0.00551	0.00551	0.00551
GCG	GCA	GA	0.29949	0.00874	0.01011	-0.29949	0.01179	0.01011	0.01011	0.01011
GAT	TAT	GT	-1.19456	0.03274	0.01699	1.19456	0.00992	0.01699	0.00850	0.00850
GAT	CAT	GC	-1.09825	0.03660	0.02011	1.09825	0.01220	0.02011	0.01005	0.01005
GAT	AAT	GA	-0.71644	0.05631	0.03852	0.71644	0.02750	0.03852	0.01926	0.01926
GAT	GTT	AT	-0.03365	0.03274	0.03220	0.03365	0.03166	0.03220	0.01610	0.01610
GAT	GCT	AC	-0.51535	0.03660	0.02798	0.51535	0.02186	0.02798	0.01399	0.01399
GAC	TAC	GT	-0.39222	0.01581	0.01291	0.39222	0.01068	0.01291	0.00645	0.00645
GAC	CAC	GC	-1.06316	0.01767	0.00991	1.06316	0.00610	0.00991	0.00496	0.00496
GAC	AAC	GA	-0.18491	0.02718	0.02475	0.18491	0.02259	0.02475	0.01237	0.01237
GAC	GTC	AT	-0.84585	0.01581	0.01005	0.84585	0.00678	0.01005	0.00503	0.00503
GAC	GCC	AC	-1.20850	0.01767	0.00909	1.20850	0.00528	0.00909	0.00455	0.00455
GAC	GAT	CT	0.83957	0.02036	0.03008	-0.83957	0.04713	0.03008	0.03008	0.03008
GAA	CAA	GC	-1.11535	0.03723	0.02025	1.11535	0.01220	0.02025	0.01013	0.01013
GAA	AAA	GA	-0.42815	0.05728	0.04589	0.42815	0.03733	0.04589	0.02294	0.02294
GAA	GTA	AT	-1.39052	0.03331	0.01535	1.39052	0.00829	0.01535	0.00768	0.00768
GAA	GCA	AC	-1.41483	0.03723	0.01691	1.41483	0.00905	0.01691	0.00845	0.00845
GAA	GAT	AT	0.27203	0.03331	0.03804	-0.27203	0.04372	0.03804	0.01902	0.01902
GAA	GAC	AC	-0.56753	0.03723	0.02766	0.56753	0.02111	0.02766	0.01383	0.01383
GAG	CAG	GC	-1.18526	0.05490	0.02865	1.18526	0.01678	0.02865	0.01432	0.01432
GAG	AAG	GA	-0.37657	0.08446	0.06955	0.37657	0.05796	0.06955	0.03478	0.03478
GAG	GTG	AT	-0.59326	0.04912	0.03598	0.59326	0.02714	0.03598	0.01799	0.01799
GAG	GCG	AC	-2.09088	0.05490	0.01619	2.09088	0.00678	0.01619	0.00809	0.00809
GAG	GAT	GT	-0.10454	0.04912	0.04659	0.10454	0.04424	0.04659	0.02330	0.02330
GAG	GAC	GC	-0.94410	0.05490	0.03300	0.94410	0.02136	0.03300	0.01650	0.01650
GAG	GAA	GA	-0.37657	0.08446	0.06955	0.37657	0.05796	0.06955	0.06955	0.06955
GGT	TGT	GT	-0.19155	0.01016	0.00922	0.19155	0.00839	0.00922	0.00461	0.00461
GGT	CGT	GC	0.00728	0.01136	0.01140	-0.00728	0.01144	0.01140	0.00570	0.00570
GGT	AGT	GA	0.52263	0.01747	0.02244	-0.52263	0.02947	0.02244	0.01122	0.01122
GGT	GTT	GT	1.14823	0.01016	0.01709	-1.14823	0.03204	0.01709	0.00854	0.00854
GGT	GCT	GC	0.66653	0.01136	0.01556	-0.66653	0.02212	0.01556	0.00778	0.00778
GGT	GAT	GA	1.18187	0.01747	0.02979	-1.18187	0.05697	0.02979	0.01489	0.01489
GGC	TGC	GT	0.30093	0.00452	0.00523	-0.30093	0.00610	0.00523	0.00262	0.00262
GGC	CGC	GC	-0.50354	0.00505	0.00388	0.50354	0.00305	0.00388	0.00194	0.00194
GGC	AGC	GA	0.23495	0.00777	0.00871	-0.23495	0.00982	0.00871	0.00436	0.00436
GGC	GTC	GT	0.41871	0.00452	0.00553	-0.41871	0.00686	0.00553	0.00276	0.00276
GGC	GCC	GC	0.05607	0.00505	0.00519	-0.05607	0.00534	0.00519	0.00260	0.00260
GGC	GAC	GA	1.26457	0.00777	0.01369	-1.26457	0.02750	0.01369	0.00684	0.00684
GGC	GGT	CT	0.92226	0.00582	0.00890	-0.92226	0.01463	0.00890	0.00890	0.00890
GGA	CGA	GC	-1.22138	0.02587	0.01321	1.22138	0.00763	0.01321	0.00661	0.00661
GGA	AGA	GA	0.01180	0.03980	0.04004	-0.01180	0.04027	0.04004	0.02002	0.02002
GGA	GTA	GT	-1.01475	0.02315	0.01336	1.01475	0.00839	0.01336	0.00668	0.00668
GGA	GCA	GC	-1.03906	0.02587	0.01472	1.03906	0.00915	0.01472	0.00736	0.00736
GGA	GAA	GA	0.37577	0.03980	0.04775	-0.37577	0.05796	0.04775	0.02387	0.02387
GGA	GGT	AT	-0.53407	0.02315	0.01751	0.53407	0.01357	0.01751	0.01751	0.01751
GGA	GGC	AC	-1.45633	0.02587	0.01145	1.45633	0.00603	0.01145	0.01145	0.01145
GGG	TGG	GT	0.13388	0.00734	0.00784	-0.13388	0.00839	0.00784	0.00392	0.00392
GGG	CGG	GC	-0.17812	0.00820	0.00749	0.17812	0.00686	0.00749	0.00375	0.00375
GGG	AGG	GA	1.05777	0.01262	0.02045	-1.05777	0.03635	0.02045	0.01023	0.01023
GGG	GTG	GT	1.31950	0.00734	0.01322	-1.31950	0.02746	0.01322	0.00661	0.00661
GGG	GCG	GC	-0.17812	0.00820	0.00749	0.17812	0.00686	0.00749	0.00375	0.00375
GGG	GAG	GA	1.91276	0.01262	0.02832	-1.91276	0.08546	0.02832	0.01416	0.01416
GGG	GGT	GT	0.62635	0.00734	0.00988	-0.62635	0.01373	0.00988	0.00988	0.00988
GGG	GGC	GC	-0.29591	0.00820	0.00705	0.29591	0.00610	0.00705	0.00705	0.00705
GGG	GGA	GA	1.16043	0.01262	0.02133	-1.16043	0.04027	0.02133	0.02133	0.02133


Histograms
2Ns	FMut	FSub(CodonUsage)	FSubw(after w)

-1.99132	0.01883	0.00645	0.00579
-1.79219	0.00146	0.00059	0.00048
-1.59305	0.01675	0.00747	0.01081
-1.39392	0.02393	0.01192	0.01250
-1.19479	0.07704	0.04384	0.04623
-0.99566	0.05809	0.03714	0.03552
-0.79653	0.07474	0.05341	0.05289
-0.59740	0.07310	0.05813	0.05611
-0.39826	0.12708	0.11252	0.11704
-0.19913	0.09869	0.09787	0.10043
0.00000	0.13009	0.14130	0.12439
0.19913	0.08250	0.09787	0.10043
0.39826	0.08557	0.11252	0.11704
0.59740	0.04037	0.05813	0.05611
0.79653	0.03405	0.05341	0.05289
0.99566	0.02180	0.03714	0.03552
1.19479	0.02370	0.04384	0.04623
1.39392	0.00591	0.01192	0.01250
1.59305	0.00346	0.00747	0.01081
1.79219	0.00026	0.00059	0.00048
1.99132	0.00258	0.00645	0.00579

Proportion of advantageous (S > 0) mutations:
 0.36372

Proportions of good & bad mutations (|S| > 2.0000) among mutations:
0.00107  0.00861

mean |Ns| = 0.59220	mean Ns+ = 0.46856	mean Ns- = -0.66288
