Supplemental results for CODEML (seqf: aligned.fas  treef: treefile.treefile)

I	J	ij	2Ns_IJ	pMut_IJ	pSub_IJ	2Ns_JI	pMut_JI	pSub_JI

TTC	TTT	CT	0.15978	0.01394	0.01509	-0.15978	0.01636	0.01509	0.01509	0.01509
TTA	TTT	AT	1.81875	0.00534	0.01159	-1.81875	0.03292	0.01159	0.00082	0.00082
TTA	TTC	AC	1.65897	0.00470	0.00963	-1.65897	0.02469	0.00963	0.00068	0.00068
TTG	TTT	GT	-0.38925	0.02403	0.01966	0.38925	0.01628	0.01966	0.00139	0.00139
TTG	TTC	GC	-0.54903	0.02115	0.01587	0.54903	0.01221	0.01587	0.00112	0.00112
TTG	TTA	GA	-2.20800	0.05730	0.01562	2.20800	0.00630	0.01562	0.01562	0.01562
TCT	TTT	CT	-0.28205	0.02169	0.01877	0.28205	0.01636	0.01877	0.00132	0.00132
TCC	TTC	CT	-0.97520	0.03253	0.01921	0.97520	0.01227	0.01921	0.00135	0.00135
TCC	TCT	CT	-0.53337	0.03253	0.02462	0.53337	0.01908	0.02462	0.02462	0.02462
TCA	TTA	CT	-0.93883	0.01394	0.00841	0.93883	0.00545	0.00841	0.00059	0.00059
TCA	TCT	AT	1.16197	0.01202	0.02032	-1.16197	0.03840	0.02032	0.02032	0.02032
TCA	TCC	AC	1.69534	0.01057	0.02195	-1.69534	0.05761	0.02195	0.02195	0.02195
TCG	TTG	CT	-0.23326	0.03098	0.02751	0.23326	0.02454	0.02751	0.00194	0.00194
TCG	TCT	GT	-0.34046	0.02670	0.02241	0.34046	0.01900	0.02241	0.02241	0.02241
TCG	TCC	GC	0.19291	0.02349	0.02583	-0.19291	0.02849	0.02583	0.02583	0.02583
TCG	TCA	GA	-1.50243	0.06366	0.02739	1.50243	0.01417	0.02739	0.02739	0.02739
TAT	TTT	AT	2.10643	0.00401	0.00961	-2.10643	0.03292	0.00961	0.00068	0.00068
TAT	TCT	AC	2.38849	0.00352	0.00927	-2.38849	0.03840	0.00927	0.00065	0.00065
TAC	TTC	AT	1.53107	0.00534	0.01043	-1.53107	0.02469	0.01043	0.00074	0.00074
TAC	TCC	AC	2.50627	0.00470	0.01282	-2.50627	0.05761	0.01282	0.00090	0.00090
TAC	TAT	CT	-0.41558	0.00620	0.00500	0.41558	0.00409	0.00500	0.00500	0.00500
TGT	TTT	GT	-0.67693	0.03204	0.02241	0.67693	0.01628	0.02241	0.00158	0.00158
TGT	TCT	GC	-0.39488	0.02819	0.02299	0.39488	0.01900	0.02299	0.00162	0.00162
TGT	TAT	GA	-2.78336	0.07640	0.01401	2.78336	0.00472	0.01401	0.00099	0.00099
TGC	TTC	GT	-1.37008	0.04806	0.02243	1.37008	0.01221	0.02243	0.00158	0.00158
TGC	TCC	GC	-0.39488	0.04229	0.03449	0.39488	0.02849	0.03449	0.00243	0.00243
TGC	TAC	GA	-2.90114	0.11459	0.01933	2.90114	0.00630	0.01933	0.00136	0.00136
TGC	TGT	CT	-0.53337	0.05577	0.04221	0.53337	0.03272	0.04221	0.04221	0.04221
TGG	TTG	GT	0.13400	0.02136	0.02282	-0.13400	0.02442	0.02282	0.00161	0.00161
TGG	TCG	GC	0.36726	0.01880	0.02246	-0.36726	0.02714	0.02246	0.00158	0.00158
TGG	TGT	GT	0.42168	0.02136	0.02618	-0.42168	0.03256	0.02618	0.00185	0.00185
TGG	TGC	GC	0.95505	0.01880	0.02918	-0.95505	0.04885	0.02918	0.00206	0.00206
CTT	TTT	CT	-0.35105	0.02324	0.01940	0.35105	0.01636	0.01940	0.00137	0.00137
CTC	TTC	CT	-0.49563	0.02014	0.01556	0.49563	0.01227	0.01556	0.00110	0.00110
CTC	CTT	CT	0.01520	0.02014	0.02029	-0.01520	0.02045	0.02029	0.02029	0.02029
CTA	TTA	CT	0.15978	0.00465	0.00503	-0.15978	0.00545	0.00503	0.00503	0.00503
CTA	CTT	AT	2.32958	0.00401	0.01034	-2.32958	0.04115	0.01034	0.01034	0.01034
CTA	CTC	AC	2.31438	0.00352	0.00905	-2.31438	0.03566	0.00905	0.00905	0.00905
CTG	TTG	CT	1.15303	0.00775	0.01305	-1.15303	0.02454	0.01305	0.01305	0.01305
CTG	CTT	GT	1.11483	0.00668	0.01107	-1.11483	0.02035	0.01107	0.01107	0.01107
CTG	CTC	GC	1.09963	0.00587	0.00968	-1.09963	0.01764	0.00968	0.00968	0.00968
CTG	CTA	GA	-1.21475	0.01592	0.00816	1.21475	0.00472	0.00816	0.00816	0.00816
CCT	TCT	CT	0.56525	0.01084	0.01420	-0.56525	0.01908	0.01420	0.00100	0.00100
CCT	CTT	CT	0.63424	0.01084	0.01464	-0.63424	0.02045	0.01464	0.00103	0.00103
CCC	TCC	CT	1.81801	0.00465	0.01009	-1.81801	0.02863	0.01009	0.00071	0.00071
CCC	CTC	CT	1.33843	0.00465	0.00843	-1.33843	0.01772	0.00843	0.00059	0.00059
CCC	CCT	CT	0.71940	0.00465	0.00652	-0.71940	0.00954	0.00652	0.00652	0.00652
CCA	TCA	CT	-0.01012	0.01239	0.01233	0.01012	0.01227	0.01233	0.00087	0.00087
CCA	CTA	CT	-1.10873	0.01239	0.00677	1.10873	0.00409	0.00677	0.00048	0.00048
CCA	CCT	AT	0.58661	0.01068	0.01412	-0.58661	0.01920	0.01412	0.01412	0.01412
CCA	CCC	AC	-0.13279	0.00940	0.00879	0.13279	0.00823	0.00879	0.00879	0.00879
CCG	TCG	CT	1.48154	0.00620	0.01188	-1.48154	0.02726	0.01188	0.00084	0.00084
CCG	CTG	CT	0.09524	0.00620	0.00650	-0.09524	0.00682	0.00650	0.00046	0.00046
CCG	CCT	GT	0.57583	0.00534	0.00702	-0.57583	0.00950	0.00702	0.00702	0.00702
CCG	CCC	GC	-0.14356	0.00470	0.00437	0.14356	0.00407	0.00437	0.00437	0.00437
CCG	CCA	GA	-0.01077	0.01273	0.01266	0.01077	0.01260	0.01266	0.01266	0.01266
CAT	TAT	CT	-1.51420	0.01859	0.00794	1.51420	0.00409	0.00794	0.00056	0.00056
CAT	CTT	AT	0.94328	0.01602	0.02475	-0.94328	0.04115	0.02475	0.00174	0.00174
CAT	CCT	AC	0.30904	0.01410	0.01639	-0.30904	0.01920	0.01639	0.00115	0.00115
CAC	TAC	CT	-1.78613	0.03253	0.01170	1.78613	0.00545	0.01170	0.00082	0.00082
CAC	CTC	AT	0.24057	0.02804	0.03154	-0.24057	0.03566	0.03154	0.00222	0.00222
CAC	CCC	AC	-1.09787	0.02467	0.01356	1.09787	0.00823	0.01356	0.00096	0.00096
CAC	CAT	CT	-0.68752	0.03253	0.02262	0.68752	0.01636	0.02262	0.02262	0.02262
CAA	CTA	AT	-0.26069	0.01068	0.00935	0.26069	0.00823	0.00935	0.00066	0.00066
CAA	CCA	AC	0.84804	0.00940	0.01394	-0.84804	0.02194	0.01394	0.00098	0.00098
CAA	CAT	AT	1.12560	0.01068	0.01780	-1.12560	0.03292	0.01780	0.00125	0.00125
CAA	CAC	AC	1.81312	0.00940	0.02036	-1.81312	0.05761	0.02036	0.00144	0.00144
CAG	CTG	AT	0.02699	0.01335	0.01353	-0.02699	0.01372	0.01353	0.00095	0.00095
CAG	CCG	AC	-0.06825	0.01175	0.01135	0.06825	0.01097	0.01135	0.00080	0.00080
CAG	CAT	GT	0.19854	0.01335	0.01472	-0.19854	0.01628	0.01472	0.00104	0.00104
CAG	CAC	GC	0.88606	0.01175	0.01771	-0.88606	0.02849	0.01771	0.00125	0.00125
CAG	CAA	GA	-0.92706	0.03183	0.01932	0.92706	0.01260	0.01932	0.01932	0.01932
CGT	TGT	CT	0.21694	0.02634	0.02930	-0.21694	0.03272	0.02930	0.00206	0.00206
CGT	CTT	GT	-0.10894	0.02270	0.02148	0.10894	0.02035	0.02148	0.00151	0.00151
CGT	CCT	GC	-0.74318	0.01997	0.01346	0.74318	0.00950	0.01346	0.00095	0.00095
CGT	CAT	GA	-1.05223	0.05411	0.03055	1.05223	0.01889	0.03055	0.00215	0.00215
CGC	TGC	CT	1.05772	0.01704	0.02761	-1.05772	0.04908	0.02761	0.00195	0.00195
CGC	CTC	GT	0.18327	0.01469	0.01607	-0.18327	0.01764	0.01607	0.00113	0.00113
CGC	CCC	GC	-1.15516	0.01292	0.00686	1.15516	0.00407	0.00686	0.00048	0.00048
CGC	CAC	GA	-0.05729	0.03501	0.03402	0.05729	0.03307	0.03402	0.00240	0.00240
CGC	CGT	CT	0.30742	0.01704	0.01979	-0.30742	0.02317	0.01979	0.01979	0.01979
CGA	CTA	GT	-0.27146	0.00534	0.00465	0.27146	0.00407	0.00465	0.00033	0.00033
CGA	CCA	GC	0.83727	0.00470	0.00694	-0.83727	0.01085	0.00694	0.00049	0.00049
CGA	CAA	GA	-0.01077	0.01273	0.01266	0.01077	0.01260	0.01266	0.00089	0.00089
CGA	CGT	AT	2.16706	0.00534	0.01307	-2.16706	0.04663	0.01307	0.01307	0.01307
CGA	CGC	AC	1.85964	0.00470	0.01035	-1.85964	0.03017	0.01035	0.01035	0.01035
CGG	TGG	CT	0.85293	0.00930	0.01382	-0.85293	0.02181	0.01382	0.00097	0.00097
CGG	CTG	GT	-0.16610	0.00801	0.00736	0.16610	0.00678	0.00736	0.00052	0.00052
CGG	CCG	GC	-0.26134	0.00705	0.00617	0.26134	0.00543	0.00617	0.00043	0.00043
CGG	CAG	GA	-0.19309	0.01910	0.01731	0.19309	0.01575	0.01731	0.00122	0.00122
CGG	CGT	GT	1.05767	0.00801	0.01298	-1.05767	0.02307	0.01298	0.01298	0.01298
CGG	CGC	GC	0.75026	0.00705	0.01002	-0.75026	0.01493	0.01002	0.01002	0.01002
CGG	CGA	GA	-1.10938	0.01910	0.01042	1.10938	0.00630	0.01042	0.01042	0.01042
ATT	TTT	AT	3.20504	0.00134	0.00446	-3.20504	0.03292	0.00446	0.00031	0.00031
ATT	CTT	AC	3.55609	0.00117	0.00430	-3.55609	0.04115	0.00430	0.00030	0.00030
ATC	TTC	AT	0.72014	0.01202	0.01686	-0.72014	0.02469	0.01686	0.00119	0.00119
ATC	CTC	AC	1.21577	0.01057	0.01827	-1.21577	0.03566	0.01827	0.00129	0.00129
ATC	ATT	CT	-2.32513	0.01394	0.00351	2.32513	0.00136	0.00351	0.00351	0.00351
ATA	TTA	AT	9.31936	0.00000	0.00000	-9.31936	0.01097	0.00001	0.00000	0.00000
ATA	CTA	AC	9.15958	0.00000	0.00000	-9.15958	0.00823	0.00001	0.00000	0.00000
ATA	ATT	AT	7.93306	0.00000	0.00000	-7.93306	0.00274	0.00001	0.00000	0.00001
ATA	ATC	AC	10.25819	0.00000	0.00000	-10.25819	0.02469	0.00001	0.00000	0.00001
ATG	TTG	AT	1.04556	0.01736	0.02798	-1.04556	0.04938	0.02798	0.00197	0.00197
ATG	CTG	AC	-0.10747	0.01527	0.01447	0.10747	0.01372	0.01447	0.00102	0.00102
ATG	ATT	GT	-2.54873	0.01736	0.00375	2.54873	0.00136	0.00375	0.00026	0.00026
ATG	ATC	GC	-0.22360	0.01527	0.01363	0.22360	0.01221	0.01363	0.00096	0.00096
ATG	ATA	GA	-10.48179	0.04138	0.00001	10.48179	0.00000	0.00000	0.00000	0.00000
ACT	TCT	AT	1.27975	0.01068	0.01893	-1.27975	0.03840	0.01893	0.00133	0.00133
ACT	CCT	AC	0.71451	0.00940	0.01315	-0.71451	0.01920	0.01315	0.00093	0.00093
ACT	ATT	CT	-2.20734	0.01239	0.00338	2.20734	0.00136	0.00338	0.00024	0.00024
ACC	TCC	AT	2.37837	0.00534	0.01400	-2.37837	0.05761	0.01400	0.00099	0.00099
ACC	CCC	AC	0.56036	0.00470	0.00614	-0.56036	0.00823	0.00614	0.00043	0.00043
ACC	ATC	CT	0.68303	0.00620	0.00855	-0.68303	0.01227	0.00855	0.00060	0.00060
ACC	ACT	CT	0.56525	0.00620	0.00811	-0.56525	0.01091	0.00811	0.00811	0.00811
ACA	TCA	AT	1.30792	0.00668	0.01197	-1.30792	0.02469	0.01197	0.00084	0.00084
ACA	CCA	AC	1.31804	0.00587	0.01057	-1.31804	0.02194	0.01057	0.00075	0.00075
ACA	ATA	CT	-8.95026	0.00775	0.00001	8.95026	0.00000	0.00000	0.00000	0.00000
ACA	ACT	AT	1.19014	0.00668	0.01142	-1.19014	0.02194	0.01142	0.01142	0.01142
ACA	ACC	AC	0.62490	0.00587	0.00790	-0.62490	0.01097	0.00790	0.00790	0.00790
ACG	TCG	AT	0.72014	0.02670	0.03746	-0.72014	0.05486	0.03746	0.00264	0.00264
ACG	CCG	AC	-0.76140	0.02349	0.01567	0.76140	0.01097	0.01567	0.00110	0.00110
ACG	ATG	CT	-0.55869	0.03098	0.02313	0.55869	0.01772	0.02313	0.00163	0.00163
ACG	ACT	GT	-0.90007	0.02670	0.01646	0.90007	0.01085	0.01646	0.01646	0.01646
ACG	ACC	GC	-1.46532	0.02349	0.01034	1.46532	0.00543	0.01034	0.01034	0.01034
ACG	ACA	GA	-2.09021	0.06366	0.01878	2.09021	0.00787	0.01878	0.01878	0.01878
AAT	TAT	AT	-0.12716	0.00935	0.00876	0.12716	0.00823	0.00876	0.00062	0.00062
AAT	CAT	AC	1.38704	0.00822	0.01520	-1.38704	0.03292	0.01520	0.00107	0.00107
AAT	ATT	AT	-1.22577	0.00935	0.00476	1.22577	0.00274	0.00476	0.00034	0.00034
AAT	ACT	AC	0.98157	0.00822	0.01291	-0.98157	0.02194	0.01291	0.00091	0.00091
AAC	TAC	AT	-0.29146	0.01469	0.01265	0.29146	0.01097	0.01265	0.00089	0.00089
AAC	CAC	AC	1.49467	0.01292	0.02490	-1.49467	0.05761	0.02490	0.00175	0.00175
AAC	ATC	AT	0.51947	0.01469	0.01883	-0.51947	0.02469	0.01883	0.00133	0.00133
AAC	ACC	AC	-0.16356	0.01292	0.01189	0.16356	0.01097	0.01189	0.00084	0.00084
AAC	AAT	CT	-0.57989	0.01704	0.01258	0.57989	0.00954	0.01258	0.01258	0.01258
AAA	CAA	AC	0.21943	0.01762	0.01963	-0.21943	0.02194	0.01963	0.00138	0.00138
AAA	ATA	AT	-9.20083	0.02003	0.00002	9.20083	0.00000	0.00000	0.00000	0.00000
AAA	ACA	AC	-0.25057	0.01762	0.01551	0.25057	0.01372	0.01551	0.00109	0.00109
AAA	AAT	AT	-0.04200	0.02003	0.01961	0.04200	0.01920	0.01961	0.00138	0.00138
AAA	AAC	AC	0.53789	0.01762	0.02278	-0.53789	0.03017	0.02278	0.00161	0.00161
AAG	CAG	AC	0.31741	0.01997	0.02331	-0.31741	0.02743	0.02331	0.00164	0.00164
AAG	ATG	AT	0.45187	0.02270	0.02821	-0.45187	0.03566	0.02821	0.00199	0.00199
AAG	ACG	AC	1.01056	0.01997	0.03173	-1.01056	0.05486	0.03173	0.00224	0.00224
AAG	AAT	GT	-0.87108	0.02270	0.01423	0.87108	0.00950	0.01423	0.00100	0.00100
AAG	AAC	GC	-0.29120	0.01997	0.01720	0.29120	0.01493	0.01720	0.00121	0.00121
AAG	AAA	GA	-0.82908	0.05411	0.03475	0.82908	0.02362	0.03475	0.03475	0.03475
AGT	TGT	AT	1.81875	0.01068	0.02319	-1.81875	0.06583	0.02319	0.00163	0.00163
AGT	CGT	AC	1.60181	0.00940	0.01885	-1.60181	0.04663	0.01885	0.00133	0.00133
AGT	ATT	GT	-2.06322	0.01068	0.00321	2.06322	0.00136	0.00321	0.00023	0.00023
AGT	ACT	GC	0.14412	0.00940	0.01009	-0.14412	0.01085	0.01009	0.00071	0.00071
AGT	AAT	GA	-0.83745	0.02547	0.01627	0.83745	0.01102	0.01627	0.00115	0.00115
AGC	TGC	AT	1.81875	0.01602	0.03478	-1.81875	0.09875	0.03478	0.00245	0.00245
AGC	CGC	AC	0.76103	0.01410	0.02013	-0.76103	0.03017	0.02013	0.00142	0.00142
AGC	ATC	GT	-0.27146	0.01602	0.01394	0.27146	0.01221	0.01394	0.00098	0.00098
AGC	ACC	GC	-0.95449	0.01410	0.00842	0.95449	0.00543	0.00842	0.00059	0.00059
AGC	AAC	GA	-0.79093	0.03820	0.02506	0.79093	0.01732	0.02506	0.00177	0.00177
AGC	AGT	CT	-0.53337	0.01859	0.01407	0.53337	0.01091	0.01407	0.01407	0.01407
AGA	CGA	AC	-0.25057	0.01410	0.01240	0.25057	0.01097	0.01240	0.01240	0.01240
AGA	ATA	GT	-9.68161	0.01602	0.00001	9.68161	0.00000	0.00000	0.00000	0.00000
AGA	ACA	GC	-0.73135	0.01410	0.00956	0.73135	0.00678	0.00956	0.00067	0.00067
AGA	AAA	GA	-0.48078	0.03820	0.02975	0.48078	0.02362	0.02975	0.00210	0.00210
AGA	AGT	AT	0.31467	0.01602	0.01867	-0.31467	0.02194	0.01867	0.00132	0.00132
AGA	AGC	AC	0.84804	0.01410	0.02091	-0.84804	0.03292	0.02091	0.00147	0.00147
AGG	TGG	AT	1.19014	0.01335	0.02283	-1.19014	0.04389	0.02283	0.00161	0.00161
AGG	CGG	AC	0.33721	0.01175	0.01384	-0.33721	0.01646	0.01384	0.01384	0.01384
AGG	ATG	GT	0.27858	0.01335	0.01530	-0.27858	0.01764	0.01530	0.00108	0.00108
AGG	ACG	GC	0.83727	0.01175	0.01734	-0.83727	0.02714	0.01734	0.00122	0.00122
AGG	AAG	GA	-0.17329	0.03183	0.02915	0.17329	0.02677	0.02915	0.00205	0.00205
AGG	AGT	GT	-0.20693	0.01335	0.01202	0.20693	0.01085	0.01202	0.00085	0.00085
AGG	AGC	GC	0.32644	0.01175	0.01377	-0.32644	0.01628	0.01377	0.00097	0.00097
AGG	AGA	GA	-0.52160	0.03183	0.02425	0.52160	0.01889	0.02425	0.02425	0.02425
GTT	TTT	GT	-0.33209	0.02270	0.01914	0.33209	0.01628	0.01914	0.00135	0.00135
GTT	CTT	GC	0.01896	0.01997	0.02016	-0.01896	0.02035	0.02016	0.00142	0.00142
GTT	ATT	GA	-3.53713	0.05411	0.00574	3.53713	0.00157	0.00574	0.00040	0.00040
GTC	TTC	GT	-0.42561	0.01869	0.01499	0.42561	0.01221	0.01499	0.00106	0.00106
GTC	CTC	GC	0.07001	0.01645	0.01703	-0.07001	0.01764	0.01703	0.00120	0.00120
GTC	ATC	GA	-1.14575	0.04456	0.02381	1.14575	0.01417	0.02381	0.00168	0.00168
GTC	GTT	CT	0.06625	0.02169	0.02242	-0.06625	0.02317	0.02242	0.02242	0.02242
GTA	TTA	GT	-0.67693	0.01068	0.00747	0.67693	0.00543	0.00747	0.00053	0.00053
GTA	CTA	GC	-0.83671	0.00940	0.00601	0.83671	0.00407	0.00601	0.00042	0.00042
GTA	ATA	GA	-9.99628	0.02547	0.00001	9.99628	0.00000	0.00000	0.00000	0.00000
GTA	GTT	AT	1.47391	0.01068	0.02042	-1.47391	0.04663	0.02042	0.02042	0.02042
GTA	GTC	AC	1.40766	0.00940	0.01752	-1.40766	0.03840	0.01752	0.01752	0.01752
GTG	TTG	GT	0.34164	0.01736	0.02049	-0.34164	0.02442	0.02049	0.00144	0.00144
GTG	CTG	GC	-0.81139	0.01527	0.00990	0.81139	0.00678	0.00990	0.00070	0.00070
GTG	ATG	GA	-0.70392	0.04138	0.02851	0.70392	0.02047	0.02851	0.00201	0.00201
GTG	GTT	GT	0.28448	0.01736	0.01994	-0.28448	0.02307	0.01994	0.01994	0.01994
GTG	GTC	GC	0.21823	0.01527	0.01700	-0.21823	0.01900	0.01700	0.01700	0.01700
GTG	GTA	GA	-1.18943	0.04138	0.02154	1.18943	0.01260	0.02154	0.02154	0.02154
GCT	TCT	GT	-0.71202	0.03872	0.02655	0.71202	0.01900	0.02655	0.00187	0.00187
GCT	CCT	GC	-1.27727	0.03407	0.01682	1.27727	0.00950	0.01682	0.00119	0.00119
GCT	ACT	GA	-1.99177	0.09231	0.02905	1.99177	0.01260	0.02905	0.00205	0.00205
GCT	GTT	CT	-0.66198	0.04493	0.03169	0.66198	0.02317	0.03169	0.00223	0.00223
GCC	TCC	GT	0.17037	0.02403	0.02614	-0.17037	0.02849	0.02614	0.00184	0.00184
GCC	CCC	GC	-1.64764	0.02115	0.00831	1.64764	0.00407	0.00831	0.00059	0.00059
GCC	ACC	GA	-2.20800	0.05730	0.01562	2.20800	0.00630	0.01562	0.00110	0.00110
GCC	GTC	CT	-0.37922	0.02789	0.02293	0.37922	0.01908	0.02293	0.00162	0.00162
GCC	GCT	CT	0.34902	0.02789	0.03303	-0.34902	0.03953	0.03303	0.03303	0.03303
GCA	TCA	GT	-0.27146	0.01602	0.01394	0.27146	0.01221	0.01394	0.00098	0.00098
GCA	CCA	GC	-0.26134	0.01410	0.01233	0.26134	0.01085	0.01233	0.00087	0.00087
GCA	ACA	GA	-1.57939	0.03820	0.01566	1.57939	0.00787	0.01566	0.00110	0.00110
GCA	GTA	CT	-0.53337	0.01859	0.01407	0.53337	0.01091	0.01407	0.00099	0.00099
GCA	GCT	AT	1.60253	0.01602	0.03215	-1.60253	0.07955	0.03215	0.03215	0.03215
GCA	GCC	AC	1.25351	0.01410	0.02473	-1.25351	0.04938	0.02473	0.02473	0.02473
GCG	TCG	GT	-0.20693	0.03338	0.03004	0.20693	0.02714	0.03004	0.00212	0.00212
GCG	CCG	GC	-1.68846	0.02937	0.01124	1.68846	0.00543	0.01124	0.00079	0.00079
GCG	ACG	GA	-0.92706	0.07958	0.04831	0.92706	0.03149	0.04831	0.00341	0.00341
GCG	GTG	CT	-0.78183	0.03873	0.02554	0.78183	0.01772	0.02554	0.00180	0.00180
GCG	GCT	GT	0.16464	0.03338	0.03620	-0.16464	0.03935	0.03620	0.03620	0.03620
GCG	GCC	GC	-0.18438	0.02937	0.02674	0.18438	0.02442	0.02674	0.02674	0.02674
GCG	GCA	GA	-1.43789	0.07958	0.03563	1.43789	0.01889	0.03563	0.03563	0.03563
GAT	TAT	GT	-2.21737	0.03738	0.01013	2.21737	0.00407	0.01013	0.00071	0.00071
GAT	CAT	GC	-0.70318	0.03289	0.02267	0.70318	0.01628	0.02267	0.00160	0.00160
GAT	AAT	GA	-2.09021	0.08913	0.02629	2.09021	0.01102	0.02629	0.00185	0.00185
GAT	GTT	AT	0.22115	0.03738	0.04167	-0.22115	0.04663	0.04167	0.00294	0.00294
GAT	GCT	AC	0.88313	0.03289	0.04953	-0.88313	0.07955	0.04953	0.00349	0.00349
GAC	TAC	GT	-1.59322	0.02670	0.01085	1.59322	0.00543	0.01085	0.00076	0.00076
GAC	CAC	GC	0.19291	0.02349	0.02583	-0.19291	0.02849	0.02583	0.00182	0.00182
GAC	AAC	GA	-1.30176	0.06366	0.03097	1.30176	0.01732	0.03097	0.00218	0.00218
GAC	GTC	AT	0.36346	0.02670	0.03185	-0.36346	0.03840	0.03185	0.00224	0.00224
GAC	GCC	AC	0.74268	0.02349	0.03329	-0.74268	0.04938	0.03329	0.00235	0.00235
GAC	GAT	CT	0.20857	0.03098	0.03433	-0.20857	0.03817	0.03433	0.03433	0.03433
GAA	CAA	GC	-0.48449	0.01762	0.01370	0.48449	0.01085	0.01370	0.00097	0.00097
GAA	AAA	GA	-0.70392	0.04775	0.03290	0.70392	0.02362	0.03290	0.00232	0.00232
GAA	GTA	AT	0.09153	0.02003	0.02096	-0.09153	0.02194	0.02096	0.00148	0.00148
GAA	GCA	AC	0.62490	0.01762	0.02370	-0.62490	0.03292	0.02370	0.00167	0.00167
GAA	GAT	AT	1.34429	0.02003	0.03641	-1.34429	0.07681	0.03641	0.00257	0.00257
GAA	GAC	AC	1.13572	0.01762	0.02948	-1.13572	0.05486	0.02948	0.00208	0.00208
GAG	CAG	GC	-0.38651	0.01997	0.01636	0.38651	0.01357	0.01636	0.00115	0.00115
GAG	AAG	GA	-0.70392	0.05411	0.03728	0.70392	0.02677	0.03728	0.00263	0.00263
GAG	GTG	AT	0.45187	0.02270	0.02821	-0.45187	0.03566	0.02821	0.00199	0.00199
GAG	GCG	AC	1.23370	0.01997	0.03476	-1.23370	0.06858	0.03476	0.00245	0.00245
GAG	GAT	GT	0.51521	0.02270	0.02904	-0.51521	0.03799	0.02904	0.00205	0.00205
GAG	GAC	GC	0.30664	0.01997	0.02319	-0.30664	0.02714	0.02319	0.00163	0.00163
GAG	GAA	GA	-0.82908	0.05411	0.03475	0.82908	0.02362	0.03475	0.03475	0.03475
GGT	TGT	GT	0.99705	0.01202	0.01898	-0.99705	0.03256	0.01898	0.00134	0.00134
GGT	CGT	GC	0.78011	0.01057	0.01523	-0.78011	0.02307	0.01523	0.00107	0.00107
GGT	AGT	GA	-0.82170	0.02865	0.01847	0.82170	0.01260	0.01847	0.00130	0.00130
GGT	GTT	GT	0.65221	0.01202	0.01636	-0.65221	0.02307	0.01636	0.00115	0.00115
GGT	GCT	GC	1.31419	0.01057	0.01900	-1.31419	0.03935	0.01900	0.00134	0.00134
GGT	GAT	GA	0.43106	0.02865	0.03527	-0.43106	0.04409	0.03527	0.00249	0.00249
GGC	TGC	GT	1.80798	0.00801	0.01732	-1.80798	0.04885	0.01732	0.00122	0.00122
GGC	CGC	GC	0.75026	0.00705	0.01002	-0.75026	0.01493	0.01002	0.00071	0.00071
GGC	AGC	GA	-0.01077	0.01910	0.01900	0.01077	0.01889	0.01900	0.00134	0.00134
GGC	GTC	GT	0.86352	0.00801	0.01196	-0.86352	0.01900	0.01196	0.00084	0.00084
GGC	GCC	GC	1.24273	0.00705	0.01231	-1.24273	0.02442	0.01231	0.00087	0.00087
GGC	GAC	GA	0.50005	0.01910	0.02427	-0.50005	0.03149	0.02427	0.00171	0.00171
GGC	GGT	CT	0.27756	0.00930	0.01064	-0.27756	0.01227	0.01064	0.01064	0.01064
GGA	CGA	GC	-1.10864	0.01645	0.00898	1.10864	0.00543	0.00898	0.00063	0.00063
GGA	AGA	GA	-0.85807	0.04456	0.02815	0.85807	0.01889	0.02815	0.00198	0.00198
GGA	GTA	GT	-0.54340	0.01869	0.01407	0.54340	0.01085	0.01407	0.00099	0.00099
GGA	GCA	GC	-0.01003	0.01645	0.01636	0.01003	0.01628	0.01636	0.00115	0.00115
GGA	GAA	GA	-0.63493	0.04456	0.03190	0.63493	0.02362	0.03190	0.00225	0.00225
GGA	GGT	AT	0.27831	0.01869	0.02141	-0.27831	0.02469	0.02141	0.02141	0.02141
GGA	GGC	AC	0.00074	0.01645	0.01645	-0.00074	0.01646	0.01645	0.01645	0.01645
GGG	TGG	GT	1.69019	0.00401	0.00830	-1.69019	0.02171	0.00830	0.00059	0.00059
GGG	CGG	GC	0.83727	0.00352	0.00520	-0.83727	0.00814	0.00520	0.00037	0.00037
GGG	AGG	GA	0.50005	0.00955	0.01214	-0.50005	0.01575	0.01214	0.00086	0.00086
GGG	GTG	GT	1.48256	0.00401	0.00768	-1.48256	0.01764	0.00768	0.00054	0.00054
GGG	GCG	GC	2.26438	0.00352	0.00891	-2.26438	0.03392	0.00891	0.00063	0.00063
GGG	GAG	GA	1.03068	0.00955	0.01530	-1.03068	0.02677	0.01530	0.00108	0.00108
GGG	GGT	GT	1.11483	0.00401	0.00664	-1.11483	0.01221	0.00664	0.00664	0.00664
GGG	GGC	GC	0.83727	0.00352	0.00520	-0.83727	0.00814	0.00520	0.00520	0.00520
GGG	GGA	GA	0.83653	0.00955	0.01409	-0.83653	0.02204	0.01409	0.01409	0.01409


Histograms
2Ns	FMut	FSub(CodonUsage)	FSubw(after w)

-9.98266	0.00970	0.00000	0.00000
-8.98439	0.00423	0.00000	0.00000
-7.98613	0.00025	0.00000	0.00000
-6.98786	0.00000	0.00000	0.00000
-5.98960	0.00000	0.00000	0.00000
-4.99133	0.00000	0.00000	0.00000
-3.99306	0.00859	0.00110	0.00026
-2.99480	0.02694	0.00597	0.00141
-1.99653	0.14137	0.05725	0.06891
-0.99827	0.33997	0.24970	0.24765
0.00000	0.30960	0.37195	0.36353
0.99827	0.13609	0.24970	0.24765
1.99653	0.02135	0.05725	0.06891
2.99480	0.00166	0.00597	0.00141
3.99306	0.00025	0.00110	0.00026
4.99133	0.00000	0.00000	0.00000
5.98960	0.00000	0.00000	0.00000
6.98786	0.00000	0.00000	0.00000
7.98613	0.00000	0.00000	0.00000
8.98439	0.00000	0.00000	0.00000
9.98266	0.00000	0.00000	0.00000

Proportion of advantageous (S > 0) mutations:
 0.29530

Proportions of good & bad mutations (|S| > 2.0000) among mutations:
0.00812  0.10633

mean |Ns| = 1.08321	mean Ns+ = 0.66610	mean Ns- = -1.25800
