Supplemental results for CODEML (seqf: aligned.fas  treef: AT2G33500_AT2G33500.1_Athaliana_Araport11.treefile)

I	J	ij	2Ns_IJ	pMut_IJ	pSub_IJ	2Ns_JI	pMut_JI	pSub_JI

TTC	TTT	CT	0.16198	0.01394	0.01510	-0.16198	0.01639	0.01510	0.01510	0.01510
TTA	TTT	AT	1.81981	0.00534	0.01160	-1.81981	0.03296	0.01160	0.00580	0.00580
TTA	TTC	AC	1.65783	0.00471	0.00965	-1.65783	0.02472	0.00965	0.00482	0.00482
TTG	TTT	GT	-0.38964	0.02404	0.01966	0.38964	0.01628	0.01966	0.00983	0.00983
TTG	TTC	GC	-0.55162	0.02120	0.01589	0.55162	0.01221	0.01589	0.00794	0.00794
TTG	TTA	GA	-2.20945	0.05733	0.01562	2.20945	0.00629	0.01562	0.01562	0.01562
TCT	TTT	CT	-0.27985	0.02168	0.01879	0.27985	0.01639	0.01879	0.00939	0.00939
TCC	TTC	CT	-0.97300	0.03252	0.01922	0.97300	0.01229	0.01922	0.00961	0.00961
TCC	TCT	CT	-0.53117	0.03252	0.02464	0.53117	0.01912	0.02464	0.02464	0.02464
TCA	TTA	CT	-0.93663	0.01394	0.00841	0.93663	0.00546	0.00841	0.00421	0.00421
TCA	TCT	AT	1.16303	0.01202	0.02034	-1.16303	0.03846	0.02034	0.02034	0.02034
TCA	TCC	AC	1.69420	0.01060	0.02200	-1.69420	0.05769	0.02200	0.02200	0.02200
TCG	TTG	CT	-0.23106	0.03097	0.02753	0.23106	0.02458	0.02753	0.01376	0.01376
TCG	TCT	GT	-0.34085	0.02671	0.02242	0.34085	0.01900	0.02242	0.02242	0.02242
TCG	TCC	GC	0.19032	0.02356	0.02587	-0.19032	0.02849	0.02587	0.02587	0.02587
TCG	TCA	GA	-1.50388	0.06370	0.02738	1.50388	0.01416	0.02738	0.02738	0.02738
TAT	TTT	AT	2.10749	0.00401	0.00961	-2.10749	0.03296	0.00961	0.00481	0.00481
TAT	TCT	AC	2.38734	0.00353	0.00929	-2.38734	0.03846	0.00929	0.00464	0.00464
TAC	TTC	AT	1.53212	0.00534	0.01044	-1.53212	0.02472	0.01044	0.00522	0.00522
TAC	TCC	AC	2.50513	0.00471	0.01285	-2.50513	0.05769	0.01285	0.00643	0.00643
TAC	TAT	CT	-0.41339	0.00619	0.00500	0.41339	0.00410	0.00500	0.00500	0.00500
TGT	TTT	GT	-0.67732	0.03205	0.02241	0.67732	0.01628	0.02241	0.01121	0.01121
TGT	TCT	GC	-0.39747	0.02827	0.02302	0.39747	0.01900	0.02302	0.01151	0.01151
TGT	TAT	GA	-2.78481	0.07644	0.01401	2.78481	0.00472	0.01401	0.00700	0.00700
TGC	TTC	GT	-1.37047	0.04808	0.02243	1.37047	0.01221	0.02243	0.01122	0.01122
TGC	TCC	GC	-0.39747	0.04240	0.03453	0.39747	0.02849	0.03453	0.01727	0.01727
TGC	TAC	GA	-2.90260	0.11466	0.01933	2.90260	0.00629	0.01933	0.00966	0.00966
TGC	TGT	CT	-0.53117	0.05575	0.04224	0.53117	0.03277	0.04224	0.04224	0.04224
TGG	TTG	GT	0.13361	0.02137	0.02283	-0.13361	0.02442	0.02283	0.01141	0.01141
TGG	TCG	GC	0.36467	0.01884	0.02249	-0.36467	0.02714	0.02249	0.01124	0.01124
TGG	TGT	GT	0.42129	0.02137	0.02619	-0.42129	0.03256	0.02619	0.01309	0.01309
TGG	TGC	GC	0.95246	0.01884	0.02922	-0.95246	0.04885	0.02922	0.01461	0.01461
CTT	TTT	CT	-0.34885	0.02323	0.01941	0.34885	0.01639	0.01941	0.00971	0.00971
CTC	TTC	CT	-0.49343	0.02013	0.01557	0.49343	0.01229	0.01557	0.00779	0.00779
CTC	CTT	CT	0.01740	0.02013	0.02031	-0.01740	0.02048	0.02031	0.02031	0.02031
CTA	TTA	CT	0.16198	0.00465	0.00503	-0.16198	0.00546	0.00503	0.00503	0.00503
CTA	CTT	AT	2.33063	0.00401	0.01034	-2.33063	0.04121	0.01034	0.01034	0.01034
CTA	CTC	AC	2.31323	0.00353	0.00907	-2.31323	0.03571	0.00907	0.00907	0.00907
CTG	TTG	CT	1.15523	0.00774	0.01306	-1.15523	0.02458	0.01306	0.01306	0.01306
CTG	CTT	GT	1.11444	0.00668	0.01108	-1.11444	0.02035	0.01108	0.01108	0.01108
CTG	CTC	GC	1.09704	0.00589	0.00970	-1.09704	0.01764	0.00970	0.00970	0.00970
CTG	CTA	GA	-1.21620	0.01593	0.00816	1.21620	0.00472	0.00816	0.00816	0.00816
CCT	TCT	CT	0.56744	0.01084	0.01420	-0.56744	0.01912	0.01420	0.00710	0.00710
CCT	CTT	CT	0.63644	0.01084	0.01465	-0.63644	0.02048	0.01465	0.00733	0.00733
CCC	TCC	CT	1.82021	0.00465	0.01009	-1.82021	0.02868	0.01009	0.00505	0.00505
CCC	CTC	CT	1.34063	0.00465	0.00844	-1.34063	0.01775	0.00844	0.00422	0.00422
CCC	CCT	CT	0.72159	0.00465	0.00652	-0.72159	0.00956	0.00652	0.00652	0.00652
CCA	TCA	CT	-0.00792	0.01239	0.01234	0.00792	0.01229	0.01234	0.00617	0.00617
CCA	CTA	CT	-1.10653	0.01239	0.00677	1.10653	0.00410	0.00677	0.00339	0.00339
CCA	CCT	AT	0.58766	0.01068	0.01413	-0.58766	0.01923	0.01413	0.01413	0.01413
CCA	CCC	AC	-0.13393	0.00942	0.00881	0.13393	0.00824	0.00881	0.00881	0.00881
CCG	TCG	CT	1.48373	0.00619	0.01189	-1.48373	0.02731	0.01189	0.00594	0.00594
CCG	CTG	CT	0.09744	0.00619	0.00650	-0.09744	0.00683	0.00650	0.00325	0.00325
CCG	CCT	GT	0.57544	0.00534	0.00703	-0.57544	0.00950	0.00703	0.00703	0.00703
CCG	CCC	GC	-0.14616	0.00471	0.00438	0.14616	0.00407	0.00438	0.00438	0.00438
CCG	CCA	GA	-0.01222	0.01274	0.01266	0.01222	0.01259	0.01266	0.01266	0.01266
CAT	TAT	CT	-1.51200	0.01858	0.00795	1.51200	0.00410	0.00795	0.00397	0.00397
CAT	CTT	AT	0.94434	0.01603	0.02477	-0.94434	0.04121	0.02477	0.01238	0.01238
CAT	CCT	AC	0.30790	0.01413	0.01642	-0.30790	0.01923	0.01642	0.00821	0.00821
CAC	TAC	CT	-1.78393	0.03252	0.01171	1.78393	0.00546	0.01171	0.00586	0.00586
CAC	CTC	AT	0.24162	0.02805	0.03157	-0.24162	0.03571	0.03157	0.01579	0.01579
CAC	CCC	AC	-1.09901	0.02473	0.01358	1.09901	0.00824	0.01358	0.00679	0.00679
CAC	CAT	CT	-0.68532	0.03252	0.02264	0.68532	0.01639	0.02264	0.02264	0.02264
CAA	CTA	AT	-0.25963	0.01068	0.00936	0.25963	0.00824	0.00936	0.00468	0.00468
CAA	CCA	AC	0.84690	0.00942	0.01397	-0.84690	0.02198	0.01397	0.00698	0.00698
CAA	CAT	AT	1.12666	0.01068	0.01781	-1.12666	0.03296	0.01781	0.00891	0.00891
CAA	CAC	AC	1.81198	0.00942	0.02041	-1.81198	0.05769	0.02041	0.01020	0.01020
CAG	CTG	AT	0.02805	0.01336	0.01354	-0.02805	0.01374	0.01354	0.00677	0.00677
CAG	CCG	AC	-0.06939	0.01178	0.01137	0.06939	0.01099	0.01137	0.00569	0.00569
CAG	CAT	GT	0.19815	0.01336	0.01472	-0.19815	0.01628	0.01472	0.00736	0.00736
CAG	CAC	GC	0.88346	0.01178	0.01774	-0.88346	0.02849	0.01774	0.00887	0.00887
CAG	CAA	GA	-0.92851	0.03185	0.01932	0.92851	0.01259	0.01932	0.01932	0.01932
CGT	TGT	CT	0.21914	0.02632	0.02931	-0.21914	0.03277	0.02931	0.01466	0.01466
CGT	CTT	GT	-0.10934	0.02270	0.02149	0.10934	0.02035	0.02149	0.01074	0.01074
CGT	CCT	GC	-0.74578	0.02002	0.01348	0.74578	0.00950	0.01348	0.00674	0.00674
CGT	CAT	GA	-1.05368	0.05415	0.03054	1.05368	0.01888	0.03054	0.01527	0.01527
CGC	TGC	CT	1.05992	0.01703	0.02763	-1.05992	0.04916	0.02763	0.01381	0.01381
CGC	CTC	GT	0.18288	0.01469	0.01608	-0.18288	0.01764	0.01608	0.00804	0.00804
CGC	CCC	GC	-1.15776	0.01296	0.00687	1.15776	0.00407	0.00687	0.00344	0.00344
CGC	CAC	GA	-0.05874	0.03504	0.03402	0.05874	0.03304	0.03402	0.01701	0.01701
CGC	CGT	CT	0.30962	0.01703	0.01981	-0.30962	0.02321	0.01981	0.01981	0.01981
CGA	CTA	GT	-0.27186	0.00534	0.00465	0.27186	0.00407	0.00465	0.00232	0.00232
CGA	CCA	GC	0.83467	0.00471	0.00695	-0.83467	0.01085	0.00695	0.00347	0.00347
CGA	CAA	GA	-0.01222	0.01274	0.01266	0.01222	0.01259	0.01266	0.00633	0.00633
CGA	CGT	AT	2.16811	0.00534	0.01308	-2.16811	0.04670	0.01308	0.01308	0.01308
CGA	CGC	AC	1.85850	0.00471	0.01037	-1.85850	0.03022	0.01037	0.01037	0.01037
CGG	TGG	CT	0.85513	0.00929	0.01382	-0.85513	0.02185	0.01382	0.00691	0.00691
CGG	CTG	GT	-0.16650	0.00801	0.00736	0.16650	0.00678	0.00736	0.00368	0.00368
CGG	CCG	GC	-0.26394	0.00707	0.00618	0.26394	0.00543	0.00618	0.00309	0.00309
CGG	CAG	GA	-0.19455	0.01911	0.01731	0.19455	0.01573	0.01731	0.00866	0.00866
CGG	CGT	GT	1.05728	0.00801	0.01298	-1.05728	0.02307	0.01298	0.01298	0.01298
CGG	CGC	GC	0.74766	0.00707	0.01003	-0.74766	0.01493	0.01003	0.01003	0.01003
CGG	CGA	GA	-1.11084	0.01911	0.01042	1.11084	0.00629	0.01042	0.01042	0.01042
ATT	TTT	AT	3.20610	0.00134	0.00446	-3.20610	0.03296	0.00446	0.00223	0.00223
ATT	CTT	AC	3.55495	0.00118	0.00431	-3.55495	0.04121	0.00431	0.00216	0.00216
ATC	TTC	AT	0.72119	0.01202	0.01687	-0.72119	0.02472	0.01687	0.00844	0.00844
ATC	CTC	AC	1.21462	0.01060	0.01831	-1.21462	0.03571	0.01831	0.00915	0.00915
ATC	ATT	CT	-2.32293	0.01394	0.00352	2.32293	0.00137	0.00352	0.00352	0.00352
ATA	TTA	AT	9.32041	0.00000	0.00000	-9.32041	0.01099	0.00001	0.00000	0.00000
ATA	CTA	AC	9.15843	0.00000	0.00000	-9.15843	0.00824	0.00001	0.00000	0.00000
ATA	ATT	AT	7.93412	0.00000	0.00000	-7.93412	0.00275	0.00001	0.00000	0.00001
ATA	ATC	AC	10.25704	0.00000	0.00000	-10.25704	0.02472	0.00001	0.00000	0.00001
ATG	TTG	AT	1.04662	0.01736	0.02800	-1.04662	0.04945	0.02800	0.01400	0.01400
ATG	CTG	AC	-0.10861	0.01531	0.01449	0.10861	0.01374	0.01449	0.00725	0.00725
ATG	ATT	GT	-2.54913	0.01736	0.00375	2.54913	0.00136	0.00375	0.00188	0.00188
ATG	ATC	GC	-0.22620	0.01531	0.01364	0.22620	0.01221	0.01364	0.00682	0.00682
ATG	ATA	GA	-10.48324	0.04141	0.00001	10.48324	0.00000	0.00000	0.00001	0.00000
ACT	TCT	AT	1.28081	0.01068	0.01895	-1.28081	0.03846	0.01895	0.00947	0.00947
ACT	CCT	AC	0.71337	0.00942	0.01318	-0.71337	0.01923	0.01318	0.00659	0.00659
ACT	ATT	CT	-2.20514	0.01239	0.00338	2.20514	0.00137	0.00338	0.00169	0.00169
ACC	TCC	AT	2.37942	0.00534	0.01401	-2.37942	0.05769	0.01401	0.00700	0.00700
ACC	CCC	AC	0.55922	0.00471	0.00615	-0.55922	0.00824	0.00615	0.00308	0.00308
ACC	ATC	CT	0.68523	0.00619	0.00856	-0.68523	0.01229	0.00856	0.00428	0.00428
ACC	ACT	CT	0.56744	0.00619	0.00812	-0.56744	0.01092	0.00812	0.00812	0.00812
ACA	TCA	AT	1.30898	0.00668	0.01198	-1.30898	0.02472	0.01198	0.00599	0.00599
ACA	CCA	AC	1.31690	0.00589	0.01059	-1.31690	0.02198	0.01059	0.00530	0.00530
ACA	ATA	CT	-8.94806	0.00774	0.00001	8.94806	0.00000	0.00000	0.00000	0.00000
ACA	ACT	AT	1.19120	0.00668	0.01143	-1.19120	0.02198	0.01143	0.01143	0.01143
ACA	ACC	AC	0.62375	0.00589	0.00792	-0.62375	0.01099	0.00792	0.00792	0.00792
ACG	TCG	AT	0.72119	0.02671	0.03749	-0.72119	0.05494	0.03749	0.01875	0.01875
ACG	CCG	AC	-0.76254	0.02356	0.01571	0.76254	0.01099	0.01571	0.00785	0.00785
ACG	ATG	CT	-0.55649	0.03097	0.02315	0.55649	0.01775	0.02315	0.01157	0.01157
ACG	ACT	GT	-0.90047	0.02671	0.01647	0.90047	0.01085	0.01647	0.01647	0.01647
ACG	ACC	GC	-1.46791	0.02356	0.01035	1.46791	0.00543	0.01035	0.01035	0.01035
ACG	ACA	GA	-2.09167	0.06370	0.01877	2.09167	0.00787	0.01877	0.01877	0.01877
AAT	TAT	AT	-0.12610	0.00935	0.00877	0.12610	0.00824	0.00877	0.00439	0.00439
AAT	CAT	AC	1.38589	0.00824	0.01524	-1.38589	0.03296	0.01524	0.00762	0.00762
AAT	ATT	AT	-1.22472	0.00935	0.00476	1.22472	0.00275	0.00476	0.00238	0.00238
AAT	ACT	AC	0.98043	0.00824	0.01294	-0.98043	0.02198	0.01294	0.00647	0.00647
AAC	TAC	AT	-0.29041	0.01469	0.01266	0.29041	0.01099	0.01266	0.00633	0.00633
AAC	CAC	AC	1.49352	0.01296	0.02495	-1.49352	0.05769	0.02495	0.01248	0.01248
AAC	ATC	AT	0.52052	0.01469	0.01884	-0.52052	0.02472	0.01884	0.00942	0.00942
AAC	ACC	AC	-0.16470	0.01296	0.01192	0.16470	0.01099	0.01192	0.00596	0.00596
AAC	AAT	CT	-0.57769	0.01703	0.01258	0.57769	0.00956	0.01258	0.01258	0.01258
AAA	CAA	AC	0.21829	0.01767	0.01967	-0.21829	0.02198	0.01967	0.00983	0.00983
AAA	ATA	AT	-9.19978	0.02003	0.00002	9.19978	0.00000	0.00000	0.00001	0.00000
AAA	ACA	AC	-0.25171	0.01767	0.01554	0.25171	0.01374	0.01554	0.00777	0.00777
AAA	AAT	AT	-0.04095	0.02003	0.01963	0.04095	0.01923	0.01963	0.00981	0.00981
AAA	AAC	AC	0.53674	0.01767	0.02283	-0.53674	0.03022	0.02283	0.01142	0.01142
AAG	CAG	AC	0.31627	0.02002	0.02336	-0.31627	0.02747	0.02336	0.01168	0.01168
AAG	ATG	AT	0.45293	0.02270	0.02823	-0.45293	0.03571	0.02823	0.01412	0.01412
AAG	ACG	AC	1.00942	0.02002	0.03180	-1.00942	0.05494	0.03180	0.01590	0.01590
AAG	AAT	GT	-0.87148	0.02270	0.01423	0.87148	0.00950	0.01423	0.00712	0.00712
AAG	AAC	GC	-0.29379	0.02002	0.01723	0.29379	0.01493	0.01723	0.00861	0.00861
AAG	AAA	GA	-0.83053	0.05415	0.03474	0.83053	0.02360	0.03474	0.03474	0.03474
AGT	TGT	AT	1.81981	0.01068	0.02320	-1.81981	0.06593	0.02320	0.01160	0.01160
AGT	CGT	AC	1.60067	0.00942	0.01889	-1.60067	0.04670	0.01889	0.00945	0.00945
AGT	ATT	GT	-2.06362	0.01068	0.00321	2.06362	0.00136	0.00321	0.00160	0.00160
AGT	ACT	GC	0.14153	0.00942	0.01010	-0.14153	0.01085	0.01010	0.00505	0.00505
AGT	AAT	GA	-0.83890	0.02548	0.01627	0.83890	0.01101	0.01627	0.00813	0.00813
AGC	TGC	AT	1.81981	0.01603	0.03481	-1.81981	0.09889	0.03481	0.01740	0.01740
AGC	CGC	AC	0.75989	0.01413	0.02018	-0.75989	0.03022	0.02018	0.01009	0.01009
AGC	ATC	GT	-0.27186	0.01603	0.01395	0.27186	0.01221	0.01395	0.00697	0.00697
AGC	ACC	GC	-0.95709	0.01413	0.00843	0.95709	0.00543	0.00843	0.00422	0.00422
AGC	AAC	GA	-0.79238	0.03822	0.02506	0.79238	0.01730	0.02506	0.01253	0.01253
AGC	AGT	CT	-0.53117	0.01858	0.01408	0.53117	0.01092	0.01408	0.01408	0.01408
AGA	CGA	AC	-0.25171	0.01413	0.01243	0.25171	0.01099	0.01243	0.01243	0.01243
AGA	ATA	GT	-9.68201	0.01603	0.00001	9.68201	0.00000	0.00000	0.00000	0.00000
AGA	ACA	GC	-0.73394	0.01413	0.00958	0.73394	0.00678	0.00958	0.00479	0.00479
AGA	AAA	GA	-0.48223	0.03822	0.02974	0.48223	0.02360	0.02974	0.01487	0.01487
AGA	AGT	AT	0.31573	0.01603	0.01869	-0.31573	0.02198	0.01869	0.00934	0.00934
AGA	AGC	AC	0.84690	0.01413	0.02095	-0.84690	0.03296	0.02095	0.01048	0.01048
AGG	TGG	AT	1.19120	0.01336	0.02285	-1.19120	0.04395	0.02285	0.01143	0.01143
AGG	CGG	AC	0.33607	0.01178	0.01387	-0.33607	0.01648	0.01387	0.01387	0.01387
AGG	ATG	GT	0.27819	0.01336	0.01530	-0.27819	0.01764	0.01530	0.00765	0.00765
AGG	ACG	GC	0.83467	0.01178	0.01737	-0.83467	0.02714	0.01737	0.00868	0.00868
AGG	AAG	GA	-0.17474	0.03185	0.02915	0.17474	0.02674	0.02915	0.01457	0.01457
AGG	AGT	GT	-0.20732	0.01336	0.01202	0.20732	0.01085	0.01202	0.00601	0.00601
AGG	AGC	GC	0.32385	0.01178	0.01379	-0.32385	0.01628	0.01379	0.00689	0.00689
AGG	AGA	GA	-0.52305	0.03185	0.02424	0.52305	0.01888	0.02424	0.02424	0.02424
GTT	TTT	GT	-0.33248	0.02270	0.01914	0.33248	0.01628	0.01914	0.00957	0.00957
GTT	CTT	GC	0.01636	0.02002	0.02019	-0.01636	0.02035	0.02019	0.01009	0.01009
GTT	ATT	GA	-3.53858	0.05415	0.00573	3.53858	0.00157	0.00573	0.00287	0.00287
GTC	TTC	GT	-0.42601	0.01870	0.01500	0.42601	0.01221	0.01500	0.00750	0.00750
GTC	CTC	GC	0.06742	0.01649	0.01705	-0.06742	0.01764	0.01705	0.00853	0.00853
GTC	ATC	GA	-1.14720	0.04459	0.02380	1.14720	0.01416	0.02380	0.01190	0.01190
GTC	GTT	CT	0.06845	0.02168	0.02243	-0.06845	0.02321	0.02243	0.02243	0.02243
GTA	TTA	GT	-0.67732	0.01068	0.00747	0.67732	0.00543	0.00747	0.00374	0.00374
GTA	CTA	GC	-0.83930	0.00942	0.00601	0.83930	0.00407	0.00601	0.00301	0.00301
GTA	ATA	GA	-9.99774	0.02548	0.00001	9.99774	0.00000	0.00000	0.00001	0.00000
GTA	GTT	AT	1.47497	0.01068	0.02043	-1.47497	0.04670	0.02043	0.02043	0.02043
GTA	GTC	AC	1.40651	0.00942	0.01755	-1.40651	0.03846	0.01755	0.01755	0.01755
GTG	TTG	GT	0.34125	0.01736	0.02049	-0.34125	0.02442	0.02049	0.01025	0.01025
GTG	CTG	GC	-0.81398	0.01531	0.00992	0.81398	0.00678	0.00992	0.00496	0.00496
GTG	ATG	GA	-0.70537	0.04141	0.02851	0.70537	0.02045	0.02851	0.01425	0.01425
GTG	GTT	GT	0.28409	0.01736	0.01994	-0.28409	0.02307	0.01994	0.01994	0.01994
GTG	GTC	GC	0.21563	0.01531	0.01702	-0.21563	0.01900	0.01702	0.01702	0.01702
GTG	GTA	GA	-1.19088	0.04141	0.02153	1.19088	0.01259	0.02153	0.02153	0.02153
GCT	TCT	GT	-0.71241	0.03873	0.02656	0.71241	0.01900	0.02656	0.01328	0.01328
GCT	CCT	GC	-1.27986	0.03416	0.01684	1.27986	0.00950	0.01684	0.00842	0.00842
GCT	ACT	GA	-1.99323	0.09237	0.02904	1.99323	0.01259	0.02904	0.01452	0.01452
GCT	GTT	CT	-0.65979	0.04491	0.03171	0.65979	0.02321	0.03171	0.01585	0.01585
GCC	TCC	GT	0.16997	0.02404	0.02614	-0.16997	0.02849	0.02614	0.01307	0.01307
GCC	CCC	GC	-1.65023	0.02120	0.00831	1.65023	0.00407	0.00831	0.00416	0.00416
GCC	ACC	GA	-2.20945	0.05733	0.01562	2.20945	0.00629	0.01562	0.00781	0.00781
GCC	GTC	CT	-0.37702	0.02787	0.02295	0.37702	0.01912	0.02295	0.01147	0.01147
GCC	GCT	CT	0.35122	0.02787	0.03305	-0.35122	0.03960	0.03305	0.03305	0.03305
GCA	TCA	GT	-0.27186	0.01603	0.01395	0.27186	0.01221	0.01395	0.00697	0.00697
GCA	CCA	GC	-0.26394	0.01413	0.01235	0.26394	0.01085	0.01235	0.00618	0.00618
GCA	ACA	GA	-1.58084	0.03822	0.01566	1.58084	0.00787	0.01566	0.00783	0.00783
GCA	GTA	CT	-0.53117	0.01858	0.01408	0.53117	0.01092	0.01408	0.00704	0.00704
GCA	GCT	AT	1.60358	0.01603	0.03217	-1.60358	0.07967	0.03217	0.03217	0.03217
GCA	GCC	AC	1.25236	0.01413	0.02478	-1.25236	0.04945	0.02478	0.02478	0.02478
GCG	TCG	GT	-0.20732	0.03339	0.03005	0.20732	0.02714	0.03005	0.01502	0.01502
GCG	CCG	GC	-1.69105	0.02944	0.01125	1.69105	0.00543	0.01125	0.00563	0.00563
GCG	ACG	GA	-0.92851	0.07963	0.04830	0.92851	0.03146	0.04830	0.02415	0.02415
GCG	GTG	CT	-0.77963	0.03871	0.02556	0.77963	0.01775	0.02556	0.01278	0.01278
GCG	GCT	GT	0.16424	0.03339	0.03621	-0.16424	0.03935	0.03621	0.03621	0.03621
GCG	GCC	GC	-0.18698	0.02944	0.02678	0.18698	0.02442	0.02678	0.02678	0.02678
GCG	GCA	GA	-1.43934	0.07963	0.03562	1.43934	0.01888	0.03562	0.03562	0.03562
GAT	TAT	GT	-2.21777	0.03740	0.01013	2.21777	0.00407	0.01013	0.00507	0.00507
GAT	CAT	GC	-0.70577	0.03298	0.02270	0.70577	0.01628	0.02270	0.01135	0.01135
GAT	AAT	GA	-2.09167	0.08918	0.02628	2.09167	0.01101	0.02628	0.01314	0.01314
GAT	GTT	AT	0.22220	0.03740	0.04170	-0.22220	0.04670	0.04170	0.02085	0.02085
GAT	GCT	AC	0.88199	0.03298	0.04963	-0.88199	0.07967	0.04963	0.02482	0.02482
GAC	TAC	GT	-1.59361	0.02671	0.01085	1.59361	0.00543	0.01085	0.00543	0.00543
GAC	CAC	GC	0.19032	0.02356	0.02587	-0.19032	0.02849	0.02587	0.01293	0.01293
GAC	AAC	GA	-1.30321	0.06370	0.03096	1.30321	0.01730	0.03096	0.01548	0.01548
GAC	GTC	AT	0.36452	0.02671	0.03187	-0.36452	0.03846	0.03187	0.01594	0.01594
GAC	GCC	AC	0.74154	0.02356	0.03336	-0.74154	0.04945	0.03336	0.01668	0.01668
GAC	GAT	CT	0.21077	0.03097	0.03435	-0.21077	0.03824	0.03435	0.03435	0.03435
GAA	CAA	GC	-0.48708	0.01767	0.01371	0.48708	0.01085	0.01371	0.00686	0.00686
GAA	AAA	GA	-0.70537	0.04778	0.03289	0.70537	0.02360	0.03289	0.01645	0.01645
GAA	GTA	AT	0.09259	0.02003	0.02097	-0.09259	0.02198	0.02097	0.01049	0.01049
GAA	GCA	AC	0.62375	0.01767	0.02375	-0.62375	0.03296	0.02375	0.01187	0.01187
GAA	GAT	AT	1.34535	0.02003	0.03644	-1.34535	0.07692	0.03644	0.01822	0.01822
GAA	GAC	AC	1.13458	0.01767	0.02954	-1.13458	0.05494	0.02954	0.01477	0.01477
GAG	CAG	GC	-0.38910	0.02002	0.01638	0.38910	0.01357	0.01638	0.00819	0.00819
GAG	AAG	GA	-0.70537	0.05415	0.03728	0.70537	0.02674	0.03728	0.01864	0.01864
GAG	GTG	AT	0.45293	0.02270	0.02823	-0.45293	0.03571	0.02823	0.01412	0.01412
GAG	GCG	AC	1.23256	0.02002	0.03483	-1.23256	0.06868	0.03483	0.01742	0.01742
GAG	GAT	GT	0.51481	0.02270	0.02905	-0.51481	0.03799	0.02905	0.01452	0.01452
GAG	GAC	GC	0.30405	0.02002	0.02322	-0.30405	0.02714	0.02322	0.01161	0.01161
GAG	GAA	GA	-0.83053	0.05415	0.03474	0.83053	0.02360	0.03474	0.03474	0.03474
GGT	TGT	GT	0.99665	0.01202	0.01899	-0.99665	0.03256	0.01899	0.00949	0.00949
GGT	CGT	GC	0.77752	0.01060	0.01525	-0.77752	0.02307	0.01525	0.00762	0.00762
GGT	AGT	GA	-0.82315	0.02867	0.01847	0.82315	0.01259	0.01847	0.00923	0.00923
GGT	GTT	GT	0.65181	0.01202	0.01636	-0.65181	0.02307	0.01636	0.00818	0.00818
GGT	GCT	GC	1.31160	0.01060	0.01903	-1.31160	0.03935	0.01903	0.00951	0.00951
GGT	GAT	GA	0.42961	0.02867	0.03526	-0.42961	0.04405	0.03526	0.01763	0.01763
GGC	TGC	GT	1.80758	0.00801	0.01733	-1.80758	0.04885	0.01733	0.00866	0.00866
GGC	CGC	GC	0.74766	0.00707	0.01003	-0.74766	0.01493	0.01003	0.00502	0.00502
GGC	AGC	GA	-0.01222	0.01911	0.01899	0.01222	0.01888	0.01899	0.00950	0.00950
GGC	GTC	GT	0.86312	0.00801	0.01196	-0.86312	0.01900	0.01196	0.00598	0.00598
GGC	GCC	GC	1.24014	0.00707	0.01233	-1.24014	0.02442	0.01233	0.00617	0.00617
GGC	GAC	GA	0.49860	0.01911	0.02427	-0.49860	0.03146	0.02427	0.01213	0.01213
GGC	GGT	CT	0.27976	0.00929	0.01065	-0.27976	0.01229	0.01065	0.01065	0.01065
GGA	CGA	GC	-1.11124	0.01649	0.00899	1.11124	0.00543	0.00899	0.00450	0.00450
GGA	AGA	GA	-0.85952	0.04459	0.02814	0.85952	0.01888	0.02814	0.01407	0.01407
GGA	GTA	GT	-0.54379	0.01870	0.01407	0.54379	0.01085	0.01407	0.00704	0.00704
GGA	GCA	GC	-0.01262	0.01649	0.01639	0.01262	0.01628	0.01639	0.00819	0.00819
GGA	GAA	GA	-0.63638	0.04459	0.03190	0.63638	0.02360	0.03190	0.01595	0.01595
GGA	GGT	AT	0.27936	0.01870	0.02143	-0.27936	0.02472	0.02143	0.02143	0.02143
GGA	GGC	AC	-0.00040	0.01649	0.01649	0.00040	0.01648	0.01649	0.01649	0.01649
GGG	TGG	GT	1.68980	0.00401	0.00830	-1.68980	0.02171	0.00830	0.00415	0.00415
GGG	CGG	GC	0.83467	0.00353	0.00521	-0.83467	0.00814	0.00521	0.00261	0.00261
GGG	AGG	GA	0.49860	0.00956	0.01213	-0.49860	0.01573	0.01213	0.00607	0.00607
GGG	GTG	GT	1.48216	0.00401	0.00768	-1.48216	0.01764	0.00768	0.00384	0.00384
GGG	GCG	GC	2.26179	0.00353	0.00892	-2.26179	0.03392	0.00892	0.00446	0.00446
GGG	GAG	GA	1.02923	0.00956	0.01530	-1.02923	0.02674	0.01530	0.00765	0.00765
GGG	GGT	GT	1.11444	0.00401	0.00665	-1.11444	0.01221	0.00665	0.00665	0.00665
GGG	GGC	GC	0.83467	0.00353	0.00521	-0.83467	0.00814	0.00521	0.00521	0.00521
GGG	GGA	GA	0.83507	0.00956	0.01409	-0.83507	0.02202	0.01409	0.01409	0.01409


Histograms
2Ns	FMut	FSub(CodonUsage)	FSubw(after w)

-9.98404	0.00970	0.00000	0.00000
-8.98564	0.00423	0.00000	0.00000
-7.98723	0.00025	0.00000	0.00000
-6.98883	0.00000	0.00000	0.00000
-5.99042	0.00000	0.00000	0.00000
-4.99202	0.00000	0.00000	0.00000
-3.99362	0.00859	0.00110	0.00088
-2.99521	0.02694	0.00596	0.00479
-1.99681	0.14140	0.05725	0.06026
-0.99840	0.33573	0.24571	0.24596
0.00000	0.31642	0.37994	0.37621
0.99840	0.13349	0.24571	0.24596
1.99681	0.02134	0.05725	0.06026
2.99521	0.00166	0.00596	0.00479
3.99362	0.00025	0.00110	0.00088
4.99202	0.00000	0.00000	0.00000
5.99042	0.00000	0.00000	0.00000
6.98883	0.00000	0.00000	0.00000
7.98723	0.00000	0.00000	0.00000
8.98564	0.00000	0.00000	0.00000
9.98404	0.00000	0.00000	0.00000

Proportion of advantageous (S > 0) mutations:
 0.29525

Proportions of good & bad mutations (|S| > 2.0000) among mutations:
0.00811  0.10633

mean |Ns| = 1.08351	mean Ns+ = 0.66631	mean Ns- = -1.25829
