Supplemental results for CODEML (seqf: aligned.fas  treef: AT1G73870_AT1G73870.1_Athaliana_Araport11.treefile)

I	J	ij	2Ns_IJ	pMut_IJ	pSub_IJ	2Ns_JI	pMut_JI	pSub_JI

TTC	TTT	CT	0.14918	0.01678	0.01806	-0.14918	0.01948	0.01806	0.01806	0.01806
TTA	TTT	AT	0.98050	0.00679	0.01066	-0.98050	0.01810	0.01066	0.00533	0.00533
TTA	TTC	AC	0.83132	0.00756	0.01113	-0.83132	0.01735	0.01113	0.00556	0.00556
TTG	TTT	GT	0.01081	0.01811	0.01821	-0.01081	0.01831	0.01821	0.00910	0.00910
TTG	TTC	GC	-0.13837	0.02015	0.01879	0.13837	0.01754	0.01879	0.00939	0.00939
TTG	TTA	GA	-0.96969	0.03112	0.01843	0.96969	0.01180	0.01843	0.01843	0.01843
TCT	TTT	CT	0.51209	0.01167	0.01492	-0.51209	0.01948	0.01492	0.00746	0.00746
TCC	TTC	CT	0.53407	0.01094	0.01413	-0.53407	0.01867	0.01413	0.00706	0.00706
TCC	TCT	CT	0.17116	0.01094	0.01191	-0.17116	0.01299	0.01191	0.01191	0.01191
TCA	TTA	CT	-0.04753	0.01021	0.00997	0.04753	0.00974	0.00997	0.00499	0.00499
TCA	TCT	AT	0.42089	0.00792	0.00971	-0.42089	0.01207	0.00971	0.00971	0.00971
TCA	TCC	AC	0.24972	0.00881	0.00996	-0.24972	0.01131	0.00996	0.00996	0.00996
TCG	TTG	CT	0.68199	0.01313	0.01812	-0.68199	0.02597	0.01812	0.00906	0.00906
TCG	TCT	GT	0.18071	0.01019	0.01113	-0.18071	0.01220	0.01113	0.01113	0.01113
TCG	TCC	GC	0.00955	0.01133	0.01139	-0.00955	0.01144	0.01139	0.01139	0.01139
TCG	TCA	GA	-0.24018	0.01750	0.01549	0.24018	0.01377	0.01549	0.01549	0.01549
TAT	TTT	AT	0.90046	0.00736	0.01116	-0.90046	0.01810	0.01116	0.00558	0.00558
TAT	TCT	AC	0.38837	0.00818	0.00988	-0.38837	0.01207	0.00988	0.00494	0.00494
TAC	TTC	AT	0.78379	0.00792	0.01143	-0.78379	0.01735	0.01143	0.00571	0.00571
TAC	TCC	AC	0.24972	0.00881	0.00996	-0.24972	0.01131	0.00996	0.00498	0.00498
TAC	TAT	CT	0.03252	0.01021	0.01038	-0.03252	0.01055	0.01038	0.01038	0.01038
TGT	TTT	GT	1.07865	0.00623	0.01017	-1.07865	0.01831	0.01017	0.00509	0.00509
TGT	TCT	GC	0.56656	0.00693	0.00907	-0.56656	0.01220	0.00907	0.00454	0.00454
TGT	TAT	GA	0.17819	0.01070	0.01168	-0.17819	0.01278	0.01168	0.00584	0.00584
TGC	TTC	GT	1.35455	0.00453	0.00827	-1.35455	0.01754	0.00827	0.00413	0.00413
TGC	TCC	GC	0.82048	0.00504	0.00738	-0.82048	0.01144	0.00738	0.00369	0.00369
TGC	TAC	GA	0.57075	0.00778	0.01021	-0.57075	0.01377	0.01021	0.00511	0.00511
TGC	TGT	CT	0.42508	0.00584	0.00717	-0.42508	0.00893	0.00717	0.00717	0.00717
TGG	TTG	GT	1.36633	0.00623	0.01142	-1.36633	0.02441	0.01142	0.00571	0.00571
TGG	TCG	GC	0.68435	0.00693	0.00956	-0.68435	0.01373	0.00956	0.00478	0.00478
TGG	TGT	GT	0.29849	0.00623	0.00720	-0.29849	0.00839	0.00720	0.00360	0.00360
TGG	TGC	GC	-0.12658	0.00693	0.00650	0.12658	0.00610	0.00650	0.00325	0.00325
CTT	TTT	CT	0.39431	0.01313	0.01589	-0.39431	0.01948	0.01589	0.00795	0.00795
CTC	TTC	CT	1.16268	0.00584	0.00987	-1.16268	0.01867	0.00987	0.00494	0.00494
CTC	CTT	CT	0.91755	0.00584	0.00892	-0.91755	0.01461	0.00892	0.00892	0.00892
CTA	TTA	CT	0.19364	0.00803	0.00883	-0.19364	0.00974	0.00883	0.00883	0.00883
CTA	CTT	AT	0.77983	0.00623	0.00896	-0.77983	0.01358	0.00896	0.00896	0.00896
CTA	CTC	AC	-0.13772	0.00693	0.00646	0.13772	0.00603	0.00646	0.00646	0.00646
CTG	TTG	CT	1.08745	0.00876	0.01436	-1.08745	0.02597	0.01436	0.01436	0.01436
CTG	CTT	GT	0.70396	0.00679	0.00946	-0.70396	0.01373	0.00946	0.00946	0.00946
CTG	CTC	GC	-0.21360	0.00756	0.00678	0.21360	0.00610	0.00678	0.00678	0.00678
CTG	CTA	GA	-0.07587	0.01167	0.01123	0.07587	0.01082	0.01123	0.01123	0.01123
CCT	TCT	CT	-0.16531	0.01532	0.01409	0.16531	0.01299	0.01409	0.00705	0.00705
CCT	CTT	CT	-0.04753	0.01532	0.01496	0.04753	0.01461	0.01496	0.00748	0.00748
CCC	TCC	CT	1.71606	0.00219	0.00458	-1.71606	0.01218	0.00458	0.00229	0.00229
CCC	CTC	CT	1.08745	0.00219	0.00359	-1.08745	0.00649	0.00359	0.00180	0.00180
CCC	CCT	CT	2.05253	0.00219	0.00515	-2.05253	0.01705	0.00515	0.00515	0.00515
CCA	TCA	CT	-0.02691	0.01167	0.01152	0.02691	0.01136	0.01152	0.00576	0.00576
CCA	CTA	CT	-0.26807	0.01167	0.01018	0.26807	0.00893	0.01018	0.00509	0.00509
CCA	CCT	AT	0.55929	0.00905	0.01182	-0.55929	0.01584	0.01182	0.01182	0.01182
CCA	CCC	AC	-1.49325	0.01007	0.00436	1.49325	0.00226	0.00436	0.00436	0.00436
CCG	TCG	CT	0.10662	0.01313	0.01385	-0.10662	0.01461	0.01385	0.00692	0.00692
CCG	CTG	CT	-0.29884	0.01313	0.01127	0.29884	0.00974	0.01127	0.00563	0.00563
CCG	CCT	GT	0.45264	0.01019	0.01267	-0.45264	0.01602	0.01267	0.01267	0.01267
CCG	CCC	GC	-1.59989	0.01133	0.00459	1.59989	0.00229	0.00459	0.00459	0.00459
CCG	CCA	GA	-0.10664	0.01750	0.01659	0.10664	0.01573	0.01659	0.01659	0.01659
CAT	TAT	CT	-0.10101	0.01167	0.01109	0.10101	0.01055	0.01109	0.00555	0.00555
CAT	CTT	AT	0.40514	0.00905	0.01101	-0.40514	0.01358	0.01101	0.00551	0.00551
CAT	CCT	AC	0.45266	0.01007	0.01253	-0.45266	0.01584	0.01253	0.00626	0.00626
CAC	TAC	CT	0.66624	0.00584	0.00800	-0.66624	0.01136	0.00800	0.00400	0.00400
CAC	CTC	AT	0.28736	0.00453	0.00521	-0.28736	0.00603	0.00521	0.00260	0.00260
CAC	CCC	AC	-0.80010	0.00504	0.00329	0.80010	0.00226	0.00329	0.00164	0.00164
CAC	CAT	CT	0.79977	0.00584	0.00848	-0.79977	0.01299	0.00848	0.00848	0.00848
CAA	CTA	AT	-0.08734	0.00905	0.00867	0.08734	0.00830	0.00867	0.00433	0.00433
CAA	CCA	AC	0.18073	0.01007	0.01101	-0.18073	0.01207	0.01101	0.00551	0.00551
CAA	CAT	AT	0.28736	0.00905	0.01042	-0.28736	0.01207	0.01042	0.00521	0.00521
CAA	CAC	AC	-0.51242	0.01007	0.00771	0.51242	0.00603	0.00771	0.00386	0.00386
CAG	CTG	AT	-0.31878	0.01245	0.01057	0.31878	0.00905	0.01057	0.00529	0.00529
CAG	CCG	AC	-0.01994	0.01385	0.01371	0.01994	0.01358	0.01371	0.00686	0.00686
CAG	CAT	GT	-0.01996	0.01245	0.01233	0.01996	0.01220	0.01233	0.00616	0.00616
CAG	CAC	GC	-0.81973	0.01385	0.00894	0.81973	0.00610	0.00894	0.00447	0.00447
CAG	CAA	GA	-0.30732	0.02139	0.01828	0.30732	0.01573	0.01828	0.01828	0.01828
CGT	TGT	CT	-0.20353	0.01094	0.00987	0.20353	0.00893	0.00987	0.00493	0.00493
CGT	CTT	GT	0.48082	0.00849	0.01069	-0.48082	0.01373	0.01069	0.00535	0.00535
CGT	CCT	GC	0.52834	0.00944	0.01216	-0.52834	0.01602	0.01216	0.00608	0.00608
CGT	CAT	GA	0.07568	0.01459	0.01515	-0.07568	0.01573	0.01515	0.00757	0.00757
CGC	TGC	CT	0.79977	0.00292	0.00424	-0.79977	0.00649	0.00424	0.00212	0.00212
CGC	CTC	GT	0.99164	0.00226	0.00357	-0.99164	0.00610	0.00357	0.00178	0.00178
CGC	CCC	GC	-0.09581	0.00252	0.00240	0.09581	0.00229	0.00240	0.00120	0.00120
CGC	CAC	GA	0.70429	0.00389	0.00542	-0.70429	0.00787	0.00542	0.00271	0.00271
CGC	CGT	CT	1.42838	0.00292	0.00548	-1.42838	0.01218	0.00548	0.00548	0.00548
CGA	CTA	GT	0.39380	0.00566	0.00685	-0.39380	0.00839	0.00685	0.00342	0.00342
CGA	CCA	GC	0.66187	0.00630	0.00861	-0.66187	0.01220	0.00861	0.00430	0.00430
CGA	CAA	GA	0.48114	0.00972	0.01225	-0.48114	0.01573	0.01225	0.00613	0.00613
CGA	CGT	AT	0.69282	0.00566	0.00784	-0.69282	0.01131	0.00784	0.00784	0.00784
CGA	CGC	AC	-0.73556	0.00630	0.00426	0.73556	0.00302	0.00426	0.00426	0.00426
CGG	TGG	CT	0.30730	0.00657	0.00763	-0.30730	0.00893	0.00763	0.00381	0.00381
CGG	CTG	GT	0.58618	0.00509	0.00673	-0.58618	0.00915	0.00673	0.00337	0.00337
CGG	CCG	GC	0.88502	0.00567	0.00854	-0.88502	0.01373	0.00854	0.00427	0.00427
CGG	CAG	GA	0.90496	0.00875	0.01330	-0.90496	0.02163	0.01330	0.00665	0.00665
CGG	CGT	GT	0.80932	0.00509	0.00743	-0.80932	0.01144	0.00743	0.00743	0.00743
CGG	CGC	GC	-0.61906	0.00567	0.00409	0.61906	0.00305	0.00409	0.00409	0.00409
CGG	CGA	GA	0.11650	0.00875	0.00927	-0.11650	0.00983	0.00927	0.00927	0.00927
ATT	TTT	AT	0.46968	0.01132	0.01418	-0.46968	0.01810	0.01418	0.00709	0.00709
ATT	CTT	AC	0.07537	0.01259	0.01307	-0.07537	0.01358	0.01307	0.00654	0.00654
ATC	TTC	AT	0.42712	0.01132	0.01391	-0.42712	0.01735	0.01391	0.00695	0.00695
ATC	CTC	AC	-0.73556	0.01259	0.00852	0.73556	0.00603	0.00852	0.00426	0.00426
ATC	ATT	CT	0.10662	0.01459	0.01538	-0.10662	0.01623	0.01538	0.01538	0.01538
ATA	TTA	AT	0.28736	0.00679	0.00781	-0.28736	0.00905	0.00781	0.00391	0.00391
ATA	CTA	AC	0.09372	0.00756	0.00791	-0.09372	0.00830	0.00791	0.00396	0.00396
ATA	ATT	AT	0.79818	0.00679	0.00986	-0.79818	0.01509	0.00986	0.00986	0.00986
ATA	ATC	AC	0.69156	0.00756	0.01047	-0.69156	0.01509	0.01047	0.01047	0.01047
ATG	TTG	AT	0.11551	0.02151	0.02277	-0.11551	0.02414	0.02277	0.01139	0.01139
ATG	CTG	AC	-0.97195	0.02393	0.01415	0.97195	0.00905	0.01415	0.00708	0.00708
ATG	ATT	GT	-0.34336	0.02151	0.01802	0.34336	0.01526	0.01802	0.00901	0.00901
ATG	ATC	GC	-0.44998	0.02393	0.01894	0.44998	0.01526	0.01894	0.00947	0.00947
ATG	ATA	GA	-1.14154	0.03695	0.01979	1.14154	0.01180	0.01979	0.00990	0.00990
ACT	TCT	AT	0.01542	0.01188	0.01198	-0.01542	0.01207	0.01198	0.00599	0.00599
ACT	CCT	AC	0.18073	0.01322	0.01445	-0.18073	0.01584	0.01445	0.00723	0.00723
ACT	ATT	CT	0.05783	0.01532	0.01577	-0.05783	0.01623	0.01577	0.00788	0.00788
ACC	TCC	AT	0.59751	0.00623	0.00827	-0.59751	0.01131	0.00827	0.00413	0.00413
ACC	CCC	AC	-1.11855	0.00693	0.00376	1.11855	0.00226	0.00376	0.00188	0.00188
ACC	ATC	CT	0.70446	0.00803	0.01118	-0.70446	0.01623	0.01118	0.00559	0.00559
ACC	ACT	CT	0.75325	0.00803	0.01142	-0.75325	0.01705	0.01142	0.01142	0.01142
ACA	TCA	AT	0.15382	0.00905	0.00977	-0.15382	0.01056	0.00977	0.00488	0.00488
ACA	CCA	AC	0.18073	0.01007	0.01101	-0.18073	0.01207	0.01101	0.00551	0.00551
ACA	ATA	CT	-0.18106	0.01167	0.01065	0.18106	0.00974	0.01065	0.00532	0.00532
ACA	ACT	AT	0.55929	0.00905	0.01182	-0.55929	0.01584	0.01182	0.01182	0.01182
ACA	ACC	AC	-0.19396	0.01007	0.00913	0.19396	0.00830	0.00913	0.00913	0.00913
ACG	TCG	AT	0.08668	0.01245	0.01300	-0.08668	0.01358	0.01300	0.00650	0.00650
ACG	CCG	AC	-0.01994	0.01385	0.01371	0.01994	0.01358	0.01371	0.00686	0.00686
ACG	ATG	CT	0.65317	0.01605	0.02186	-0.65317	0.03084	0.02186	0.01093	0.01093
ACG	ACT	GT	0.25197	0.01245	0.01408	-0.25197	0.01602	0.01408	0.01408	0.01408
ACG	ACC	GC	-0.50128	0.01385	0.01067	0.50128	0.00839	0.01067	0.01067	0.01067
ACG	ACA	GA	-0.30732	0.02139	0.01828	0.30732	0.01573	0.01828	0.01828	0.01828
AAT	TAT	AT	-0.47990	0.01585	0.01235	0.47990	0.00981	0.01235	0.00617	0.00617
AAT	CAT	AC	-0.37888	0.01763	0.01450	0.37888	0.01207	0.01450	0.00725	0.00725
AAT	ATT	AT	-0.04912	0.01585	0.01546	0.04912	0.01509	0.01546	0.00773	0.00773
AAT	ACT	AC	-0.10695	0.01763	0.01670	0.10695	0.01584	0.01670	0.00835	0.00835
AAC	TAC	AT	-0.20908	0.01302	0.01170	0.20908	0.01056	0.01170	0.00585	0.00585
AAC	CAC	AC	-0.87532	0.01448	0.00906	0.87532	0.00603	0.00906	0.00453	0.00453
AAC	ATC	AT	0.14759	0.01302	0.01400	-0.14759	0.01509	0.01400	0.00700	0.00700
AAC	ACC	AC	-0.55687	0.01448	0.01082	0.55687	0.00830	0.01082	0.00541	0.00541
AAC	AAT	CT	0.30333	0.01678	0.01945	-0.30333	0.02273	0.01945	0.01945	0.01945
AAA	CAA	AC	-0.68427	0.02393	0.01667	0.68427	0.01207	0.01667	0.00833	0.00833
AAA	ATA	AT	-0.86532	0.02151	0.01353	0.86532	0.00905	0.01353	0.00676	0.00676
AAA	ACA	AC	-0.68427	0.02393	0.01667	0.68427	0.01207	0.01667	0.00833	0.00833
AAA	AAT	AT	-0.01803	0.02151	0.02131	0.01803	0.02112	0.02131	0.01066	0.01066
AAA	AAC	AC	-0.32136	0.02393	0.02029	0.32136	0.01735	0.02029	0.01014	0.01014
AAG	CAG	AC	-0.80576	0.03715	0.02417	0.80576	0.01660	0.02417	0.01208	0.01208
AAG	ATG	AT	-0.15260	0.03339	0.03091	0.15260	0.02866	0.03091	0.01545	0.01545
AAG	ACG	AC	-0.80576	0.03715	0.02417	0.80576	0.01660	0.02417	0.01208	0.01208
AAG	AAT	GT	-0.44684	0.03339	0.02648	0.44684	0.02136	0.02648	0.01324	0.01324
AAG	AAC	GC	-0.75017	0.03715	0.02494	0.75017	0.01754	0.02494	0.01247	0.01247
AAG	AAA	GA	-0.42881	0.05738	0.04595	0.42881	0.03737	0.04595	0.04595	0.04595
AGT	TGT	AT	-0.71595	0.01698	0.01162	0.71595	0.00830	0.01162	0.00581	0.00581
AGT	CGT	AC	-0.51242	0.01889	0.01446	0.51242	0.01131	0.01446	0.00723	0.00723
AGT	ATT	GT	-0.10697	0.01698	0.01609	0.10697	0.01526	0.01609	0.00804	0.00804
AGT	ACT	GC	-0.16481	0.01889	0.01737	0.16481	0.01602	0.01737	0.00869	0.00869
AGT	AAT	GA	-0.05785	0.02917	0.02834	0.05785	0.02753	0.02834	0.01417	0.01417
AGC	TGC	AT	0.06421	0.00566	0.00584	-0.06421	0.00603	0.00584	0.00292	0.00292
AGC	CGC	AC	-0.73556	0.00630	0.00426	0.73556	0.00302	0.00426	0.00213	0.00213
AGC	ATC	GT	0.99164	0.00566	0.00892	-0.99164	0.01526	0.00892	0.00446	0.00446
AGC	ACC	GC	0.28718	0.00630	0.00724	-0.28718	0.00839	0.00724	0.00362	0.00362
AGC	AAC	GA	0.84405	0.00972	0.01440	-0.84405	0.02262	0.01440	0.00720	0.00720
AGC	AGT	CT	1.20524	0.00730	0.01256	-1.20524	0.02435	0.01256	0.01256	0.01256
AGA	CGA	AC	-1.23026	0.02581	0.01311	1.23026	0.00754	0.01311	0.01311	0.01311
AGA	ATA	GT	-0.93017	0.02320	0.01406	0.93017	0.00915	0.01406	0.00703	0.00703
AGA	ACA	GC	-0.74911	0.02581	0.01734	0.74911	0.01220	0.01734	0.00867	0.00867
AGA	AAA	GA	-0.06485	0.03987	0.03859	0.06485	0.03737	0.03859	0.01930	0.01930
AGA	AGT	AT	-0.02502	0.02320	0.02291	0.02502	0.02263	0.02291	0.01146	0.01146
AGA	AGC	AC	-1.23026	0.02581	0.01311	1.23026	0.00754	0.01311	0.00656	0.00656
AGG	TGG	AT	-0.92567	0.02094	0.01272	0.92567	0.00830	0.01272	0.00636	0.00636
AGG	CGG	AC	-1.23296	0.02330	0.01181	1.23296	0.00679	0.01181	0.01181	0.01181
AGG	ATG	GT	0.32516	0.02094	0.02453	-0.32516	0.02899	0.02453	0.01226	0.01226
AGG	ACG	GC	-0.32801	0.02330	0.01968	0.32801	0.01678	0.01968	0.00984	0.00984
AGG	AAG	GA	0.47776	0.03598	0.04526	-0.47776	0.05802	0.04526	0.02263	0.02263
AGG	AGT	GT	0.08877	0.02094	0.02188	-0.08877	0.02288	0.02188	0.01094	0.01094
AGG	AGC	GC	-1.11646	0.02330	0.01266	1.11646	0.00763	0.01266	0.00633	0.00633
AGG	AGA	GA	0.11379	0.03598	0.03807	-0.11379	0.04032	0.03807	0.03807	0.03807
GTT	TTT	GT	-0.26112	0.02377	0.02080	0.26112	0.01831	0.02080	0.01040	0.01040
GTT	CTT	GC	-0.65543	0.02644	0.01872	0.65543	0.01373	0.01872	0.00936	0.00936
GTT	ATT	GA	-0.73080	0.04084	0.02772	0.73080	0.01967	0.02772	0.01386	0.01386
GTC	TTC	GT	1.23676	0.00509	0.00888	-1.23676	0.01754	0.00888	0.00444	0.00444
GTC	CTC	GC	0.07409	0.00567	0.00588	-0.07409	0.00610	0.00588	0.00294	0.00294
GTC	ATC	GA	0.80965	0.00875	0.01277	-0.80965	0.01967	0.01277	0.00638	0.00638
GTC	GTT	CT	1.64707	0.00657	0.01340	-1.64707	0.03409	0.01340	0.01340	0.01340
GTA	TTA	GT	0.38551	0.00623	0.00750	-0.38551	0.00915	0.00750	0.00375	0.00375
GTA	CTA	GC	0.19187	0.00693	0.00761	-0.19187	0.00839	0.00761	0.00381	0.00381
GTA	ATA	GA	0.09815	0.01070	0.01123	-0.09815	0.01180	0.01123	0.00562	0.00562
GTA	GTT	AT	1.62713	0.00623	0.01261	-1.62713	0.03168	0.01261	0.01261	0.01261
GTA	GTC	AC	-0.01994	0.00693	0.00686	0.01994	0.00679	0.00686	0.00686	0.00686
GTG	TTG	GT	0.18071	0.02037	0.02227	-0.18071	0.02441	0.02227	0.01113	0.01113
GTG	CTG	GC	-0.90674	0.02267	0.01392	0.90674	0.00915	0.01392	0.00696	0.00696
GTG	ATG	GA	0.06521	0.03501	0.03616	-0.06521	0.03737	0.03616	0.01808	0.01808
GTG	GTT	GT	0.45264	0.02037	0.02533	-0.45264	0.03204	0.02533	0.02533	0.02533
GTG	GTC	GC	-1.19443	0.02267	0.01176	1.19443	0.00686	0.01176	0.01176	0.01176
GTG	GTA	GA	-1.17449	0.03501	0.01839	1.17449	0.01082	0.01839	0.01839	0.01839
GCT	TCT	GT	-0.29621	0.01641	0.01410	0.29621	0.01220	0.01410	0.00705	0.00705
GCT	CCT	GC	-0.13090	0.01826	0.01709	0.13090	0.01602	0.01709	0.00854	0.00854
GCT	ACT	GA	-0.31164	0.02820	0.02404	0.31164	0.02065	0.02404	0.01202	0.01202
GCT	GTT	CT	0.47700	0.02116	0.02660	-0.47700	0.03409	0.02660	0.01330	0.01330
GCC	TCC	GT	1.06063	0.00396	0.00643	-1.06063	0.01144	0.00643	0.00321	0.00321
GCC	CCC	GC	-0.65543	0.00441	0.00312	0.65543	0.00229	0.00312	0.00156	0.00156
GCC	ACC	GA	0.46312	0.00681	0.00851	-0.46312	0.01082	0.00851	0.00425	0.00425
GCC	GTC	CT	0.35794	0.00511	0.00608	-0.35794	0.00731	0.00608	0.00304	0.00304
GCC	GCT	CT	1.52801	0.00511	0.00997	-1.52801	0.02354	0.00997	0.00997	0.00997
GCA	TCA	GT	0.45264	0.00679	0.00844	-0.45264	0.01068	0.00844	0.00422	0.00422
GCA	CCA	GC	0.47955	0.00756	0.00951	-0.47955	0.01220	0.00951	0.00476	0.00476
GCA	ACA	GA	0.29882	0.01167	0.01350	-0.29882	0.01573	0.01350	0.00675	0.00675
GCA	GTA	CT	0.01961	0.00876	0.00884	-0.01961	0.00893	0.00884	0.00442	0.00442
GCA	GCT	AT	1.16974	0.00679	0.01152	-1.16974	0.02188	0.01152	0.01152	0.01152
GCA	GCC	AC	-0.35827	0.00756	0.00628	0.35827	0.00528	0.00628	0.00628	0.00628
GCG	TCG	GT	0.99164	0.00509	0.00803	-0.99164	0.01373	0.00803	0.00401	0.00401
GCG	CCG	GC	0.88502	0.00567	0.00854	-0.88502	0.01373	0.00854	0.00427	0.00427
GCG	ACG	GA	0.90496	0.00875	0.01330	-0.90496	0.02163	0.01330	0.00665	0.00665
GCG	GTG	CT	1.49292	0.00657	0.01264	-1.49292	0.02922	0.01264	0.00632	0.00632
GCG	GCT	GT	1.46856	0.00509	0.00972	-1.46856	0.02212	0.00972	0.00972	0.00972
GCG	GCC	GC	-0.05945	0.00567	0.00550	0.05945	0.00534	0.00550	0.00550	0.00550
GCG	GCA	GA	0.29882	0.00875	0.01013	-0.29882	0.01180	0.01013	0.01013	0.01013
GAT	TAT	GT	-1.19700	0.03282	0.01701	1.19700	0.00992	0.01701	0.00850	0.00850
GAT	CAT	GC	-1.09599	0.03652	0.02009	1.09599	0.01220	0.02009	0.01005	0.01005
GAT	AAT	GA	-0.71710	0.05640	0.03858	0.71710	0.02753	0.03858	0.01929	0.01929
GAT	GTT	AT	-0.03542	0.03282	0.03225	0.03542	0.03168	0.03225	0.01612	0.01612
GAT	GCT	AC	-0.51242	0.03652	0.02796	0.51242	0.02188	0.02796	0.01398	0.01398
GAC	TAC	GT	-0.39465	0.01585	0.01292	0.39465	0.01068	0.01292	0.00646	0.00646
GAC	CAC	GC	-1.06089	0.01763	0.00990	1.06089	0.00610	0.00990	0.00495	0.00495
GAC	AAC	GA	-0.18557	0.02723	0.02478	0.18557	0.02262	0.02478	0.01239	0.01239
GAC	GTC	AT	-0.84762	0.01585	0.01007	0.84762	0.00679	0.01007	0.00503	0.00503
GAC	GCC	AC	-1.20556	0.01763	0.00909	1.20556	0.00528	0.00909	0.00454	0.00454
GAC	GAT	CT	0.83486	0.02043	0.03013	-0.83486	0.04708	0.03013	0.03013	0.03013
GAA	CAA	GC	-1.11308	0.03715	0.02023	1.11308	0.01220	0.02023	0.01012	0.01012
GAA	AAA	GA	-0.42881	0.05738	0.04595	0.42881	0.03737	0.04595	0.02298	0.02298
GAA	GTA	AT	-1.39229	0.03339	0.01537	1.39229	0.00830	0.01537	0.00769	0.00769
GAA	GCA	AC	-1.41190	0.03715	0.01690	1.41190	0.00905	0.01690	0.00845	0.00845
GAA	GAT	AT	0.27026	0.03339	0.03810	-0.27026	0.04375	0.03810	0.01905	0.01905
GAA	GAC	AC	-0.56460	0.03715	0.02764	0.56460	0.02112	0.02764	0.01382	0.01382
GAG	CAG	GC	-1.18300	0.05478	0.02862	1.18300	0.01678	0.02862	0.01431	0.01431
GAG	AAG	GA	-0.37723	0.08461	0.06965	0.37723	0.05802	0.06965	0.03482	0.03482
GAG	GTG	AT	-0.59503	0.04924	0.03603	0.59503	0.02716	0.03603	0.01802	0.01802
GAG	GCG	AC	-2.08795	0.05478	0.01618	2.08795	0.00679	0.01618	0.00809	0.00809
GAG	GAT	GT	-0.10697	0.04924	0.04665	0.10697	0.04424	0.04665	0.02332	0.02332
GAG	GAC	GC	-0.94183	0.05478	0.03297	0.94183	0.02136	0.03297	0.01649	0.01649
GAG	GAA	GA	-0.37723	0.08461	0.06965	0.37723	0.05802	0.06965	0.06965	0.06965
GGT	TGT	GT	-0.19398	0.01019	0.00923	0.19398	0.00839	0.00923	0.00462	0.00462
GGT	CGT	GC	0.00955	0.01133	0.01139	-0.00955	0.01144	0.01139	0.00569	0.00569
GGT	AGT	GA	0.52196	0.01750	0.02247	-0.52196	0.02950	0.02247	0.01123	0.01123
GGT	GTT	GT	1.14579	0.01019	0.01711	-1.14579	0.03204	0.01711	0.00856	0.00856
GGT	GCT	GC	0.66879	0.01133	0.01554	-0.66879	0.02212	0.01554	0.00777	0.00777
GGT	GAT	GA	1.18121	0.01750	0.02983	-1.18121	0.05704	0.02983	0.01492	0.01492
GGC	TGC	GT	0.29849	0.00453	0.00524	-0.29849	0.00610	0.00524	0.00262	0.00262
GGC	CGC	GC	-0.50128	0.00504	0.00388	0.50128	0.00305	0.00388	0.00194	0.00194
GGC	AGC	GA	0.23428	0.00778	0.00873	-0.23428	0.00983	0.00873	0.00436	0.00436
GGC	GTC	GT	0.41628	0.00453	0.00553	-0.41628	0.00686	0.00553	0.00277	0.00277
GGC	GCC	GC	0.05834	0.00504	0.00519	-0.05834	0.00534	0.00519	0.00259	0.00259
GGC	GAC	GA	1.26390	0.00778	0.01371	-1.26390	0.02753	0.01371	0.00685	0.00685
GGC	GGT	CT	0.91755	0.00584	0.00892	-0.91755	0.01461	0.00892	0.00892	0.00892
GGA	CGA	GC	-1.21912	0.02581	0.01320	1.21912	0.00763	0.01320	0.00660	0.00660
GGA	AGA	GA	0.01114	0.03987	0.04009	-0.01114	0.04032	0.04009	0.02005	0.02005
GGA	GTA	GT	-1.01718	0.02320	0.01337	1.01718	0.00839	0.01337	0.00668	0.00668
GGA	GCA	GC	-1.03680	0.02581	0.01470	1.03680	0.00915	0.01470	0.00735	0.00735
GGA	GAA	GA	0.37510	0.03987	0.04782	-0.37510	0.05802	0.04782	0.02391	0.02391
GGA	GGT	AT	-0.53584	0.02320	0.01754	0.53584	0.01358	0.01754	0.01754	0.01754
GGA	GGC	AC	-1.45340	0.02581	0.01145	1.45340	0.00603	0.01145	0.01145	0.01145
GGG	TGG	GT	0.13144	0.00736	0.00785	-0.13144	0.00839	0.00785	0.00393	0.00393
GGG	CGG	GC	-0.17586	0.00818	0.00749	0.17586	0.00686	0.00749	0.00374	0.00374
GGG	AGG	GA	1.05711	0.01264	0.02048	-1.05711	0.03639	0.02048	0.01024	0.01024
GGG	GTG	GT	1.31706	0.00736	0.01324	-1.31706	0.02746	0.01324	0.00662	0.00662
GGG	GCG	GC	-0.17586	0.00818	0.00749	0.17586	0.00686	0.00749	0.00374	0.00374
GGG	GAG	GA	1.91210	0.01264	0.02837	-1.91210	0.08555	0.02837	0.01418	0.01418
GGG	GGT	GT	0.62392	0.00736	0.00989	-0.62392	0.01373	0.00989	0.00989	0.00989
GGG	GGC	GC	-0.29364	0.00818	0.00704	0.29364	0.00610	0.00704	0.00704	0.00704
GGG	GGA	GA	1.15976	0.01264	0.02136	-1.15976	0.04032	0.02136	0.02136	0.02136


Histograms
2Ns	FMut	FSub(CodonUsage)	FSubw(after w)

-1.98853	0.01881	0.00645	0.00579
-1.78967	0.00146	0.00059	0.00048
-1.59082	0.01673	0.00747	0.01081
-1.39197	0.02391	0.01193	0.01250
-1.19312	0.07696	0.04382	0.04621
-0.99426	0.05805	0.03714	0.03552
-0.79541	0.07468	0.05340	0.05288
-0.59656	0.07303	0.05810	0.05609
-0.39771	0.12868	0.11402	0.11827
-0.19885	0.09854	0.09784	0.10041
0.00000	0.12750	0.13844	0.12206
0.19885	0.08263	0.09784	0.10041
0.39771	0.08681	0.11402	0.11827
0.59656	0.04038	0.05810	0.05609
0.79541	0.03408	0.05340	0.05288
0.99426	0.02182	0.03714	0.03552
1.19312	0.02371	0.04382	0.04621
1.39197	0.00592	0.01193	0.01250
1.59082	0.00347	0.00747	0.01081
1.78967	0.00026	0.00059	0.00048
1.98853	0.00258	0.00645	0.00579

Proportion of advantageous (S > 0) mutations:
 0.36394

Proportions of good & bad mutations (|S| > 2.0000) among mutations:
0.00107  0.00858

mean |Ns| = 0.59107	mean Ns+ = 0.46787	mean Ns- = -0.66157
