Supplemental results for CODEML (seqf: aligned.fas  treef: AT1G73870_AT1G73870.1_Athaliana_Araport11.treefile)

I	J	ij	2Ns_IJ	pMut_IJ	pSub_IJ	2Ns_JI	pMut_JI	pSub_JI

TTC	TTT	CT	0.18153	0.01438	0.01572	-0.18153	0.01724	0.01572	0.01572	0.01572
TTA	TTT	AT	1.73941	0.00526	0.01109	-1.73941	0.02993	0.01109	0.00555	0.00555
TTA	TTC	AC	1.55788	0.00473	0.00933	-1.55788	0.02245	0.00933	0.00466	0.00466
TTG	TTT	GT	-0.37355	0.02366	0.01951	0.37355	0.01628	0.01951	0.00976	0.00976
TTG	TTC	GC	-0.55508	0.02127	0.01591	0.55508	0.01221	0.01591	0.00796	0.00796
TTG	TTA	GA	-2.11295	0.05457	0.01585	2.11295	0.00660	0.01585	0.01585	0.01585
TCT	TTT	CT	-0.26030	0.02236	0.01958	0.26030	0.01724	0.01958	0.00979	0.00979
TCC	TTC	CT	-0.95345	0.03354	0.02005	0.95345	0.01293	0.02005	0.01003	0.01003
TCC	TCT	CT	-0.51162	0.03354	0.02569	0.51162	0.02011	0.02569	0.02569	0.02569
TCA	TTA	CT	-0.91708	0.01438	0.00878	0.91708	0.00575	0.00878	0.00439	0.00439
TCA	TCT	AT	1.08263	0.01183	0.01936	-1.08263	0.03492	0.01936	0.01936	0.01936
TCA	TCC	AC	1.59425	0.01064	0.02128	-1.59425	0.05238	0.02128	0.02128	0.02128
TCG	TTG	CT	-0.21151	0.03194	0.02869	0.21151	0.02585	0.02869	0.01434	0.01434
TCG	TCT	GT	-0.32476	0.02628	0.02225	0.32476	0.01900	0.02225	0.02225	0.02225
TCG	TCC	GC	0.18686	0.02364	0.02591	-0.18686	0.02849	0.02591	0.02591	0.02591
TCG	TCA	GA	-1.40738	0.06063	0.02766	1.40738	0.01484	0.02766	0.02766	0.02766
TAT	TTT	AT	2.02709	0.00394	0.00920	-2.02709	0.02993	0.00920	0.00460	0.00460
TAT	TCT	AC	2.28739	0.00355	0.00903	-2.28739	0.03492	0.00903	0.00451	0.00451
TAC	TTC	AT	1.45173	0.00526	0.00997	-1.45173	0.02245	0.00997	0.00498	0.00498
TAC	TCC	AC	2.40518	0.00473	0.01250	-2.40518	0.05238	0.01250	0.00625	0.00625
TAC	TAT	CT	-0.39383	0.00639	0.00521	0.39383	0.00431	0.00521	0.00521	0.00521
TGT	TTT	GT	-0.66123	0.03154	0.02225	0.66123	0.01628	0.02225	0.01113	0.01113
TGT	TCT	GC	-0.40093	0.02836	0.02306	0.40093	0.01900	0.02306	0.01153	0.01153
TGT	TAT	GA	-2.68832	0.07276	0.01427	2.68832	0.00495	0.01427	0.00713	0.00713
TGC	TTC	GT	-1.35437	0.04731	0.02229	1.35437	0.01221	0.02229	0.01115	0.01115
TGC	TCC	GC	-0.40093	0.04255	0.03459	0.40093	0.02849	0.03459	0.01729	0.01729
TGC	TAC	GA	-2.80610	0.10913	0.01970	2.80610	0.00660	0.01970	0.00985	0.00985
TGC	TGT	CT	-0.51162	0.05750	0.04404	0.51162	0.03447	0.04404	0.04404	0.04404
TGG	TTG	GT	0.14970	0.02103	0.02264	-0.14970	0.02442	0.02264	0.01132	0.01132
TGG	TCG	GC	0.36121	0.01891	0.02253	-0.36121	0.02714	0.02253	0.01127	0.01127
TGG	TGT	GT	0.43738	0.02103	0.02596	-0.43738	0.03256	0.02596	0.01298	0.01298
TGG	TGC	GC	0.94900	0.01891	0.02928	-0.94900	0.04885	0.02928	0.01464	0.01464
CTT	TTT	CT	-0.32930	0.02396	0.02023	0.32930	0.01724	0.02023	0.01011	0.01011
CTC	TTC	CT	-0.47388	0.02076	0.01623	0.47388	0.01293	0.01623	0.00812	0.00812
CTC	CTT	CT	0.03695	0.02076	0.02115	-0.03695	0.02155	0.02115	0.02115	0.02115
CTA	TTA	CT	0.18153	0.00479	0.00524	-0.18153	0.00575	0.00524	0.00524	0.00524
CTA	CTT	AT	2.25023	0.00394	0.00992	-2.25023	0.03742	0.00992	0.00992	0.00992
CTA	CTC	AC	2.21328	0.00355	0.00881	-2.21328	0.03243	0.00881	0.00881	0.00881
CTG	TTG	CT	1.17478	0.00799	0.01358	-1.17478	0.02585	0.01358	0.01358	0.01358
CTG	CTT	GT	1.13053	0.00657	0.01097	-1.13053	0.02035	0.01097	0.01097	0.01097
CTG	CTC	GC	1.09358	0.00591	0.00972	-1.09358	0.01764	0.00972	0.00972	0.00972
CTG	CTA	GA	-1.11970	0.01516	0.00822	1.11970	0.00495	0.00822	0.00822	0.00822
CCT	TCT	CT	0.58700	0.01118	0.01478	-0.58700	0.02011	0.01478	0.00739	0.00739
CCT	CTT	CT	0.65599	0.01118	0.01525	-0.65599	0.02155	0.01525	0.00762	0.00762
CCC	TCC	CT	1.83976	0.00479	0.01048	-1.83976	0.03016	0.01048	0.00524	0.00524
CCC	CTC	CT	1.36019	0.00479	0.00877	-1.36019	0.01867	0.00877	0.00438	0.00438
CCC	CCT	CT	0.74115	0.00479	0.00678	-0.74115	0.01005	0.00678	0.00678	0.00678
CCA	TCA	CT	0.01163	0.01278	0.01285	-0.01163	0.01293	0.01285	0.00643	0.00643
CCA	CTA	CT	-1.08698	0.01278	0.00707	1.08698	0.00431	0.00707	0.00353	0.00353
CCA	CCT	AT	0.50726	0.01051	0.01340	-0.50726	0.01746	0.01340	0.01340	0.01340
CCA	CCC	AC	-0.23388	0.00945	0.00839	0.23388	0.00748	0.00839	0.00839	0.00839
CCG	TCG	CT	1.50329	0.00639	0.01235	-1.50329	0.02873	0.01235	0.00618	0.00618
CCG	CTG	CT	0.11699	0.00639	0.00677	-0.11699	0.00718	0.00677	0.00338	0.00338
CCG	CCT	GT	0.59154	0.00526	0.00696	-0.59154	0.00950	0.00696	0.00696	0.00696
CCG	CCC	GC	-0.14961	0.00473	0.00438	0.14961	0.00407	0.00438	0.00438	0.00438
CCG	CCA	GA	0.08427	0.01213	0.01264	-0.08427	0.01319	0.01264	0.01264	0.01264
CAT	TAT	CT	-1.49245	0.01917	0.00830	1.49245	0.00431	0.00830	0.00415	0.00415
CAT	CTT	AT	0.86394	0.01577	0.02355	-0.86394	0.03742	0.02355	0.01178	0.01178
CAT	CCT	AC	0.20795	0.01418	0.01571	-0.20795	0.01746	0.01571	0.00785	0.00785
CAC	TAC	CT	-1.76438	0.03354	0.01223	1.76438	0.00575	0.01223	0.00612	0.00612
CAC	CTC	AT	0.16122	0.02760	0.02988	-0.16122	0.03243	0.02988	0.01494	0.01494
CAC	CCC	AC	-1.19896	0.02482	0.01284	1.19896	0.00748	0.01284	0.00642	0.00642
CAC	CAT	CT	-0.66577	0.03354	0.02361	0.66577	0.01724	0.02361	0.02361	0.02361
CAA	CTA	AT	-0.34003	0.01051	0.00883	0.34003	0.00748	0.00883	0.00441	0.00441
CAA	CCA	AC	0.74695	0.00945	0.01342	-0.74695	0.01996	0.01342	0.00671	0.00671
CAA	CAT	AT	1.04626	0.01051	0.01696	-1.04626	0.02993	0.01696	0.00848	0.00848
CAA	CAC	AC	1.71203	0.00945	0.01975	-1.71203	0.05238	0.01975	0.00988	0.00988
CAG	CTG	AT	-0.05235	0.01314	0.01280	0.05235	0.01247	0.01280	0.00640	0.00640
CAG	CCG	AC	-0.16934	0.01182	0.01085	0.16934	0.00998	0.01085	0.00542	0.00542
CAG	CAT	GT	0.21424	0.01314	0.01460	-0.21424	0.01628	0.01460	0.00730	0.00730
CAG	CAC	GC	0.88001	0.01182	0.01777	-0.88001	0.02849	0.01777	0.00889	0.00889
CAG	CAA	GA	-0.83202	0.03032	0.01943	0.83202	0.01319	0.01943	0.01943	0.01943
CGT	TGT	CT	0.23869	0.02715	0.03052	-0.23869	0.03447	0.03052	0.01526	0.01526
CGT	CTT	GT	-0.09324	0.02234	0.02132	0.09324	0.02035	0.02132	0.01066	0.01066
CGT	CCT	GC	-0.74923	0.02009	0.01350	0.74923	0.00950	0.01350	0.00675	0.00675
CGT	CAT	GA	-0.95718	0.05154	0.03075	0.95718	0.01979	0.03075	0.01537	0.01537
CGC	TGC	CT	1.07947	0.01757	0.02873	-1.07947	0.05171	0.02873	0.01436	0.01436
CGC	CTC	GT	0.19897	0.01446	0.01594	-0.19897	0.01764	0.01594	0.00797	0.00797
CGC	CCC	GC	-1.16121	0.01300	0.00688	1.16121	0.00407	0.00688	0.00344	0.00344
CGC	CAC	GA	0.03775	0.03335	0.03398	-0.03775	0.03463	0.03398	0.01699	0.01699
CGC	CGT	CT	0.32917	0.01757	0.02062	-0.32917	0.02442	0.02062	0.02062	0.02062
CGA	CTA	GT	-0.25576	0.00526	0.00461	0.25576	0.00407	0.00461	0.00231	0.00231
CGA	CCA	GC	0.83122	0.00473	0.00696	-0.83122	0.01085	0.00696	0.00348	0.00348
CGA	CAA	GA	0.08427	0.01213	0.01264	-0.08427	0.01319	0.01264	0.00632	0.00632
CGA	CGT	AT	2.08772	0.00526	0.01253	-2.08772	0.04240	0.01253	0.01253	0.01253
CGA	CGC	AC	1.75855	0.00473	0.01004	-1.75855	0.02744	0.01004	0.01004	0.01004
CGG	TGG	CT	0.87468	0.00958	0.01438	-0.87468	0.02298	0.01438	0.00719	0.00719
CGG	CTG	GT	-0.15040	0.00789	0.00731	0.15040	0.00678	0.00731	0.00365	0.00365
CGG	CCG	GC	-0.26739	0.00709	0.00619	0.26739	0.00543	0.00619	0.00309	0.00309
CGG	CAG	GA	-0.09805	0.01819	0.01731	0.09805	0.01649	0.01731	0.00866	0.00866
CGG	CGT	GT	1.07337	0.00789	0.01286	-1.07337	0.02307	0.01286	0.01286	0.01286
CGG	CGC	GC	0.74421	0.00709	0.01005	-0.74421	0.01493	0.01005	0.01005	0.01005
CGG	CGA	GA	-1.01434	0.01819	0.01050	1.01434	0.00660	0.01050	0.01050	0.01050
ATT	TTT	AT	3.12570	0.00131	0.00430	-3.12570	0.02993	0.00430	0.00215	0.00215
ATT	CTT	AC	3.45500	0.00118	0.00422	-3.45500	0.03742	0.00422	0.00211	0.00211
ATC	TTC	AT	0.64080	0.01183	0.01602	-0.64080	0.02245	0.01602	0.00801	0.00801
ATC	CTC	AC	1.11467	0.01064	0.01764	-1.11467	0.03243	0.01764	0.00882	0.00882
ATC	ATT	CT	-2.30338	0.01438	0.00368	2.30338	0.00144	0.00368	0.00368	0.00368
ATA	TTA	AT	9.24001	0.00000	0.00000	-9.24001	0.00998	0.00001	0.00000	0.00000
ATA	CTA	AC	9.05848	0.00000	0.00000	-9.05848	0.00748	0.00001	0.00000	0.00000
ATA	ATT	AT	7.85372	0.00000	0.00000	-7.85372	0.00249	0.00001	0.00000	0.00001
ATA	ATC	AC	10.15710	0.00000	0.00000	-10.15710	0.02245	0.00001	0.00000	0.00001
ATG	TTG	AT	0.96622	0.01708	0.02665	-0.96622	0.04490	0.02665	0.01332	0.01332
ATG	CTG	AC	-0.20856	0.01536	0.01382	0.20856	0.01247	0.01382	0.00691	0.00691
ATG	ATT	GT	-2.53303	0.01708	0.00373	2.53303	0.00136	0.00373	0.00187	0.00187
ATG	ATC	GC	-0.22965	0.01536	0.01367	0.22965	0.01221	0.01367	0.00683	0.00683
ATG	ATA	GA	-10.38675	0.03941	0.00001	10.38675	0.00000	0.00000	0.00001	0.00000
ACT	TCT	AT	1.20041	0.01051	0.01806	-1.20041	0.03492	0.01806	0.00903	0.00903
ACT	CCT	AC	0.61342	0.00945	0.01265	-0.61342	0.01746	0.01265	0.00632	0.00632
ACT	ATT	CT	-2.18559	0.01278	0.00354	2.18559	0.00144	0.00354	0.00177	0.00177
ACC	TCC	AT	2.29902	0.00526	0.01343	-2.29902	0.05238	0.01343	0.00672	0.00672
ACC	CCC	AC	0.45927	0.00473	0.00590	-0.45927	0.00748	0.00590	0.00295	0.00295
ACC	ATC	CT	0.70478	0.00639	0.00890	-0.70478	0.01293	0.00890	0.00445	0.00445
ACC	ACT	CT	0.58700	0.00639	0.00845	-0.58700	0.01149	0.00845	0.00845	0.00845
ACA	TCA	AT	1.22858	0.00657	0.01141	-1.22858	0.02245	0.01141	0.00571	0.00571
ACA	CCA	AC	1.21695	0.00591	0.01022	-1.21695	0.01996	0.01022	0.00511	0.00511
ACA	ATA	CT	-8.92851	0.00799	0.00001	8.92851	0.00000	0.00000	0.00000	0.00000
ACA	ACT	AT	1.11080	0.00657	0.01088	-1.11080	0.01996	0.01088	0.01088	0.01088
ACA	ACC	AC	0.52380	0.00591	0.00759	-0.52380	0.00998	0.00759	0.00759	0.00759
ACG	TCG	AT	0.64080	0.02628	0.03560	-0.64080	0.04989	0.03560	0.01780	0.01780
ACG	CCG	AC	-0.86249	0.02364	0.01489	0.86249	0.00998	0.01489	0.00745	0.00745
ACG	ATG	CT	-0.53693	0.03194	0.02413	0.53693	0.01867	0.02413	0.01207	0.01207
ACG	ACT	GT	-0.88437	0.02628	0.01635	0.88437	0.01085	0.01635	0.01635	0.01635
ACG	ACC	GC	-1.47137	0.02364	0.01037	1.47137	0.00543	0.01037	0.01037	0.01037
ACG	ACA	GA	-1.99517	0.06063	0.01904	1.99517	0.00825	0.01904	0.01904	0.01904
AAT	TAT	AT	-0.20650	0.00920	0.00828	0.20650	0.00748	0.00828	0.00414	0.00414
AAT	CAT	AC	1.28594	0.00827	0.01470	-1.28594	0.02993	0.01470	0.00735	0.00735
AAT	ATT	AT	-1.30511	0.00920	0.00447	1.30511	0.00249	0.00447	0.00223	0.00223
AAT	ACT	AC	0.88048	0.00827	0.01244	-0.88048	0.01996	0.01244	0.00622	0.00622
AAC	TAC	AT	-0.37080	0.01446	0.01194	0.37080	0.00998	0.01194	0.00597	0.00597
AAC	CAC	AC	1.39357	0.01300	0.02410	-1.39357	0.05238	0.02410	0.01205	0.01205
AAC	ATC	AT	0.44013	0.01446	0.01787	-0.44013	0.02245	0.01787	0.00894	0.00894
AAC	ACC	AC	-0.26465	0.01300	0.01136	0.26465	0.00998	0.01136	0.00568	0.00568
AAC	AAT	CT	-0.55814	0.01757	0.01312	0.55814	0.01005	0.01312	0.01312	0.01312
AAA	CAA	AC	0.11834	0.01773	0.01880	-0.11834	0.01996	0.01880	0.00940	0.00940
AAA	ATA	AT	-9.28018	0.01971	0.00002	9.28018	0.00000	0.00000	0.00001	0.00000
AAA	ACA	AC	-0.35166	0.01773	0.01479	0.35166	0.01247	0.01479	0.00740	0.00740
AAA	AAT	AT	-0.12134	0.01971	0.01854	0.12134	0.01746	0.01854	0.00927	0.00927
AAA	AAC	AC	0.43679	0.01773	0.02188	-0.43679	0.02744	0.02188	0.01094	0.01094
AAG	CAG	AC	0.21632	0.02009	0.02234	-0.21632	0.02494	0.02234	0.01117	0.01117
AAG	ATG	AT	0.37253	0.02234	0.02676	-0.37253	0.03243	0.02676	0.01338	0.01338
AAG	ACG	AC	0.90947	0.02009	0.03059	-0.90947	0.04989	0.03059	0.01530	0.01530
AAG	AAT	GT	-0.85538	0.02234	0.01413	0.85538	0.00950	0.01413	0.00707	0.00707
AAG	AAC	GC	-0.29725	0.02009	0.01725	0.29725	0.01493	0.01725	0.00863	0.00863
AAG	AAA	GA	-0.73404	0.05154	0.03491	0.73404	0.02474	0.03491	0.03491	0.03491
AGT	TGT	AT	1.73941	0.01051	0.02218	-1.73941	0.05987	0.02218	0.01109	0.01109
AGT	CGT	AC	1.50072	0.00945	0.01826	-1.50072	0.04240	0.01826	0.00913	0.00913
AGT	ATT	GT	-2.04752	0.01051	0.00319	2.04752	0.00136	0.00319	0.00159	0.00159
AGT	ACT	GC	0.13807	0.00945	0.01012	-0.13807	0.01085	0.01012	0.00506	0.00506
AGT	AAT	GA	-0.74241	0.02425	0.01635	0.74241	0.01154	0.01635	0.00818	0.00818
AGC	TGC	AT	1.73941	0.01577	0.03328	-1.73941	0.08980	0.03328	0.01664	0.01664
AGC	CGC	AC	0.65994	0.01418	0.01937	-0.65994	0.02744	0.01937	0.00969	0.00969
AGC	ATC	GT	-0.25576	0.01577	0.01384	0.25576	0.01221	0.01384	0.00692	0.00692
AGC	ACC	GC	-0.96054	0.01418	0.00845	0.96054	0.00543	0.00845	0.00422	0.00422
AGC	AAC	GA	-0.69589	0.03638	0.02518	0.69589	0.01814	0.02518	0.01259	0.01259
AGC	AGT	CT	-0.51162	0.01917	0.01468	0.51162	0.01149	0.01468	0.01468	0.01468
AGA	CGA	AC	-0.35166	0.01418	0.01183	0.35166	0.00998	0.01183	0.01183	0.01183
AGA	ATA	GT	-9.66591	0.01577	0.00001	9.66591	0.00000	0.00000	0.00000	0.00000
AGA	ACA	GC	-0.73740	0.01418	0.00959	0.73740	0.00678	0.00959	0.00480	0.00480
AGA	AAA	GA	-0.38573	0.03638	0.02981	0.38573	0.02474	0.02981	0.01491	0.01491
AGA	AGT	AT	0.23533	0.01577	0.01770	-0.23533	0.01996	0.01770	0.00885	0.00885
AGA	AGC	AC	0.74695	0.01418	0.02013	-0.74695	0.02993	0.02013	0.01007	0.01007
AGG	TGG	AT	1.11080	0.01314	0.02177	-1.11080	0.03991	0.02177	0.01088	0.01088
AGG	CGG	AC	0.23612	0.01182	0.01327	-0.23612	0.01497	0.01327	0.01327	0.01327
AGG	ATG	GT	0.29428	0.01314	0.01517	-0.29428	0.01764	0.01517	0.00759	0.00759
AGG	ACG	GC	0.83122	0.01182	0.01740	-0.83122	0.02714	0.01740	0.00870	0.00870
AGG	AAG	GA	-0.07825	0.03032	0.02914	0.07825	0.02803	0.02914	0.01457	0.01457
AGG	AGT	GT	-0.19122	0.01314	0.01193	0.19122	0.01085	0.01193	0.00596	0.00596
AGG	AGC	GC	0.32039	0.01182	0.01381	-0.32039	0.01628	0.01381	0.00691	0.00691
AGG	AGA	GA	-0.42655	0.03032	0.02431	0.42655	0.01979	0.02431	0.02431	0.02431
GTT	TTT	GT	-0.31639	0.02234	0.01899	0.31639	0.01628	0.01899	0.00950	0.00950
GTT	CTT	GC	0.01291	0.02009	0.02022	-0.01291	0.02035	0.02022	0.01011	0.01011
GTT	ATT	GA	-3.44209	0.05154	0.00586	3.44209	0.00165	0.00586	0.00293	0.00293
GTC	TTC	GT	-0.40991	0.01840	0.01489	0.40991	0.01221	0.01489	0.00744	0.00744
GTC	CTC	GC	0.06396	0.01655	0.01708	-0.06396	0.01764	0.01708	0.00854	0.00854
GTC	ATC	GA	-1.05071	0.04244	0.02398	1.05071	0.01484	0.02398	0.01199	0.01199
GTC	GTT	CT	0.08800	0.02236	0.02336	-0.08800	0.02442	0.02336	0.02336	0.02336
GTA	TTA	GT	-0.66123	0.01051	0.00742	0.66123	0.00543	0.00742	0.00371	0.00371
GTA	CTA	GC	-0.84276	0.00945	0.00602	0.84276	0.00407	0.00602	0.00301	0.00301
GTA	ATA	GA	-9.90124	0.02425	0.00001	9.90124	0.00000	0.00000	0.00001	0.00000
GTA	GTT	AT	1.39457	0.01051	0.01950	-1.39457	0.04240	0.01950	0.01950	0.01950
GTA	GTC	AC	1.30656	0.00945	0.01694	-1.30656	0.03492	0.01694	0.01694	0.01694
GTG	TTG	GT	0.35734	0.01708	0.02032	-0.35734	0.02442	0.02032	0.01016	0.01016
GTG	CTG	GC	-0.81744	0.01536	0.00993	0.81744	0.00678	0.00993	0.00497	0.00497
GTG	ATG	GA	-0.60888	0.03941	0.02862	0.60888	0.02144	0.02862	0.01431	0.01431
GTG	GTT	GT	0.30018	0.01708	0.01978	-0.30018	0.02307	0.01978	0.01978	0.01978
GTG	GTC	GC	0.21218	0.01536	0.01705	-0.21218	0.01900	0.01705	0.01705	0.01705
GTG	GTA	GA	-1.09438	0.03941	0.02170	1.09438	0.01319	0.02170	0.02170	0.02170
GCT	TCT	GT	-0.69632	0.03811	0.02637	0.69632	0.01900	0.02637	0.01319	0.01319
GCT	CCT	GC	-1.28331	0.03427	0.01686	1.28331	0.00950	0.01686	0.00843	0.00843
GCT	ACT	GA	-1.89673	0.08791	0.02944	1.89673	0.01319	0.02944	0.01472	0.01472
GCT	GTT	CT	-0.64023	0.04632	0.03306	0.64023	0.02442	0.03306	0.01653	0.01653
GCC	TCC	GT	0.18607	0.02366	0.02593	-0.18607	0.02849	0.02593	0.01296	0.01296
GCC	CCC	GC	-1.65369	0.02127	0.00832	1.65369	0.00407	0.00832	0.00416	0.00416
GCC	ACC	GA	-2.11295	0.05457	0.01585	2.11295	0.00660	0.01585	0.00793	0.00793
GCC	GTC	CT	-0.35747	0.02875	0.02392	0.35747	0.02011	0.02392	0.01196	0.01196
GCC	GCT	CT	0.37077	0.02875	0.03441	-0.37077	0.04165	0.03441	0.03441	0.03441
GCA	TCA	GT	-0.25576	0.01577	0.01384	0.25576	0.01221	0.01384	0.00692	0.00692
GCA	CCA	GC	-0.26739	0.01418	0.01237	0.26739	0.01085	0.01237	0.00619	0.00619
GCA	ACA	GA	-1.48435	0.03638	0.01583	1.48435	0.00825	0.01583	0.00791	0.00791
GCA	GTA	CT	-0.51162	0.01917	0.01468	0.51162	0.01149	0.01468	0.00734	0.00734
GCA	GCT	AT	1.52319	0.01577	0.03072	-1.52319	0.07234	0.03072	0.03072	0.03072
GCA	GCC	AC	1.15241	0.01418	0.02389	-1.15241	0.04490	0.02389	0.02389	0.02389
GCG	TCG	GT	-0.19122	0.03286	0.02981	0.19122	0.02714	0.02981	0.01491	0.01491
GCG	CCG	GC	-1.69451	0.02955	0.01127	1.69451	0.00543	0.01127	0.00563	0.00563
GCG	ACG	GA	-0.83202	0.07579	0.04858	0.83202	0.03298	0.04858	0.02429	0.02429
GCG	GTG	CT	-0.76008	0.03993	0.02666	0.76008	0.01867	0.02666	0.01333	0.01333
GCG	GCT	GT	0.18034	0.03286	0.03591	-0.18034	0.03935	0.03591	0.03591	0.03591
GCG	GCC	GC	-0.19043	0.02955	0.02682	0.19043	0.02442	0.02682	0.02682	0.02682
GCG	GCA	GA	-1.34285	0.07579	0.03596	1.34285	0.01979	0.03596	0.03596	0.03596
GAT	TAT	GT	-2.20167	0.03680	0.01008	2.20167	0.00407	0.01008	0.00504	0.00504
GAT	CAT	GC	-0.70923	0.03309	0.02273	0.70923	0.01628	0.02273	0.01137	0.01137
GAT	AAT	GA	-1.99517	0.08488	0.02666	1.99517	0.01154	0.02666	0.01333	0.01333
GAT	GTT	AT	0.14181	0.03680	0.03947	-0.14181	0.04240	0.03947	0.01973	0.01973
GAT	GCT	AC	0.78204	0.03309	0.04770	-0.78204	0.07234	0.04770	0.02385	0.02385
GAC	TAC	GT	-1.57752	0.02628	0.01079	1.57752	0.00543	0.01079	0.00539	0.00539
GAC	CAC	GC	0.18686	0.02364	0.02591	-0.18686	0.02849	0.02591	0.01296	0.01296
GAC	AAC	GA	-1.20671	0.06063	0.03123	1.20671	0.01814	0.03123	0.01562	0.01562
GAC	GTC	AT	0.28412	0.02628	0.03020	-0.28412	0.03492	0.03020	0.01510	0.01510
GAC	GCC	AC	0.64159	0.02364	0.03203	-0.64159	0.04490	0.03203	0.01601	0.01601
GAC	GAT	CT	0.23032	0.03194	0.03576	-0.23032	0.04022	0.03576	0.03576	0.03576
GAA	CAA	GC	-0.49054	0.01773	0.01373	0.49054	0.01085	0.01373	0.00687	0.00687
GAA	AAA	GA	-0.60888	0.04547	0.03303	0.60888	0.02474	0.03303	0.01651	0.01651
GAA	GTA	AT	0.01219	0.01971	0.01983	-0.01219	0.01996	0.01983	0.00992	0.00992
GAA	GCA	AC	0.52380	0.01773	0.02277	-0.52380	0.02993	0.02277	0.01139	0.01139
GAA	GAT	AT	1.26495	0.01971	0.03474	-1.26495	0.06984	0.03474	0.01737	0.01737
GAA	GAC	AC	1.03463	0.01773	0.02845	-1.03463	0.04989	0.02845	0.01423	0.01423
GAG	CAG	GC	-0.39256	0.02009	0.01641	0.39256	0.01357	0.01641	0.00820	0.00820
GAG	AAG	GA	-0.60888	0.05154	0.03743	0.60888	0.02803	0.03743	0.01871	0.01871
GAG	GTG	AT	0.37253	0.02234	0.02676	-0.37253	0.03243	0.02676	0.01338	0.01338
GAG	GCG	AC	1.13261	0.02009	0.03357	-1.13261	0.06236	0.03357	0.01679	0.01679
GAG	GAT	GT	0.53091	0.02234	0.02879	-0.53091	0.03799	0.02879	0.01440	0.01440
GAG	GAC	GC	0.30059	0.02009	0.02326	-0.30059	0.02714	0.02326	0.01163	0.01163
GAG	GAA	GA	-0.73404	0.05154	0.03491	0.73404	0.02474	0.03491	0.03491	0.03491
GGT	TGT	GT	1.01275	0.01183	0.01881	-1.01275	0.03256	0.01881	0.00941	0.00941
GGT	CGT	GC	0.77406	0.01064	0.01528	-0.77406	0.02307	0.01528	0.00764	0.00764
GGT	AGT	GA	-0.72666	0.02728	0.01856	0.72666	0.01319	0.01856	0.00928	0.00928
GGT	GTT	GT	0.66791	0.01183	0.01621	-0.66791	0.02307	0.01621	0.00811	0.00811
GGT	GCT	GC	1.30814	0.01064	0.01907	-1.30814	0.03935	0.01907	0.00953	0.00953
GGT	GAT	GA	0.52610	0.02728	0.03509	-0.52610	0.04617	0.03509	0.01754	0.01754
GGC	TGC	GT	1.82368	0.00789	0.01715	-1.82368	0.04885	0.01715	0.00857	0.00857
GGC	CGC	GC	0.74421	0.00709	0.01005	-0.74421	0.01493	0.01005	0.00503	0.00503
GGC	AGC	GA	0.08427	0.01819	0.01897	-0.08427	0.01979	0.01897	0.00948	0.00948
GGC	GTC	GT	0.87922	0.00789	0.01185	-0.87922	0.01900	0.01185	0.00593	0.00593
GGC	GCC	GC	1.23668	0.00709	0.01236	-1.23668	0.02442	0.01236	0.00618	0.00618
GGC	GAC	GA	0.59510	0.01819	0.02413	-0.59510	0.03298	0.02413	0.01207	0.01207
GGC	GGT	CT	0.29931	0.00958	0.01109	-0.29931	0.01293	0.01109	0.01109	0.01109
GGA	CGA	GC	-1.11469	0.01655	0.00900	1.11469	0.00543	0.00900	0.00450	0.00450
GGA	AGA	GA	-0.76303	0.04244	0.02829	0.76303	0.01979	0.02829	0.01414	0.01414
GGA	GTA	GT	-0.52770	0.01840	0.01397	0.52770	0.01085	0.01397	0.00698	0.00698
GGA	GCA	GC	-0.01608	0.01655	0.01641	0.01608	0.01628	0.01641	0.00821	0.00821
GGA	GAA	GA	-0.53988	0.04244	0.03201	0.53988	0.02474	0.03201	0.01601	0.01601
GGA	GGT	AT	0.19896	0.01840	0.02029	-0.19896	0.02245	0.02029	0.02029	0.02029
GGA	GGC	AC	-0.10035	0.01655	0.01573	0.10035	0.01497	0.01573	0.01573	0.01573
GGG	TGG	GT	1.70590	0.00394	0.00822	-1.70590	0.02171	0.00822	0.00411	0.00411
GGG	CGG	GC	0.83122	0.00355	0.00522	-0.83122	0.00814	0.00522	0.00261	0.00261
GGG	AGG	GA	0.59510	0.00909	0.01207	-0.59510	0.01649	0.01207	0.00603	0.00603
GGG	GTG	GT	1.49826	0.00394	0.00761	-1.49826	0.01764	0.00761	0.00380	0.00380
GGG	GCG	GC	2.25833	0.00355	0.00894	-2.25833	0.03392	0.00894	0.00447	0.00447
GGG	GAG	GA	1.12572	0.00909	0.01515	-1.12572	0.02803	0.01515	0.00758	0.00758
GGG	GGT	GT	1.13053	0.00394	0.00658	-1.13053	0.01221	0.00658	0.00658	0.00658
GGG	GGC	GC	0.83122	0.00355	0.00522	-0.83122	0.00814	0.00522	0.00522	0.00522
GGG	GGA	GA	0.93157	0.00909	0.01398	-0.93157	0.02309	0.01398	0.01398	0.01398


Histograms
2Ns	FMut	FSub(CodonUsage)	FSubw(after w)

-9.89214	0.00940	0.00000	0.00000
-8.90293	0.00417	0.00000	0.00000
-7.91371	0.00023	0.00000	0.00000
-6.92450	0.00000	0.00000	0.00000
-5.93528	0.00000	0.00000	0.00000
-4.94607	0.00000	0.00000	0.00000
-3.95686	0.00000	0.00000	0.00000
-2.96764	0.02932	0.00575	0.00461
-1.97843	0.13792	0.05636	0.05684
-0.98921	0.33506	0.24796	0.24814
0.00000	0.32110	0.37985	0.38080
0.98921	0.13957	0.24796	0.24814
1.97843	0.02165	0.05636	0.05684
2.96764	0.00157	0.00575	0.00461
3.95686	0.00000	0.00000	0.00000
4.94607	0.00000	0.00000	0.00000
5.93528	0.00000	0.00000	0.00000
6.92450	0.00000	0.00000	0.00000
7.91371	0.00000	0.00000	0.00000
8.90293	0.00000	0.00000	0.00000
9.89214	0.00000	0.00000	0.00000

Proportion of advantageous (S > 0) mutations:
 0.30410

Proportions of good & bad mutations (|S| > 2.0000) among mutations:
0.00667  0.08919

mean |Ns| = 1.02706	mean Ns+ = 0.63856	mean Ns- = -1.19682
