Supplemental results for CODEML (seqf: aligned.fas  treef: AT1G25440_AT1G25440.1_Athaliana_Araport11.treefile)

I	J	ij	2Ns_IJ	pMut_IJ	pSub_IJ	2Ns_JI	pMut_JI	pSub_JI

TTC	TTT	CT	0.16448	0.01384	0.01501	-0.16448	0.01632	0.01501	0.01501	0.01501
TTA	TTT	AT	1.81087	0.00526	0.01140	-1.81087	0.03219	0.01140	0.00570	0.00570
TTA	TTC	AC	1.64639	0.00465	0.00949	-1.64639	0.02414	0.00949	0.00475	0.00475
TTG	TTT	GT	-0.37487	0.02369	0.01952	0.37487	0.01628	0.01952	0.00976	0.00976
TTG	TTC	GC	-0.53935	0.02094	0.01580	0.53935	0.01221	0.01580	0.00790	0.00790
TTG	TTA	GA	-2.18574	0.05643	0.01562	2.18574	0.00634	0.01562	0.01562	0.01562
TCT	TTT	CT	-0.27735	0.02153	0.01868	0.27735	0.01632	0.01868	0.00934	0.00934
TCC	TTC	CT	-0.97050	0.03230	0.01912	0.97050	0.01224	0.01912	0.00956	0.00956
TCC	TCT	CT	-0.52867	0.03230	0.02451	0.52867	0.01903	0.02451	0.02451	0.02451
TCA	TTA	CT	-0.93413	0.01384	0.00837	0.93413	0.00544	0.00837	0.00418	0.00418
TCA	TCT	AT	1.15409	0.01184	0.01996	-1.15409	0.03756	0.01996	0.01996	0.01996
TCA	TCC	AC	1.68276	0.01047	0.02164	-1.68276	0.05634	0.02164	0.02164	0.02164
TCG	TTG	CT	-0.22856	0.03076	0.02738	0.22856	0.02447	0.02738	0.01369	0.01369
TCG	TCT	GT	-0.32608	0.02632	0.02226	0.32608	0.01900	0.02226	0.02226	0.02226
TCG	TCC	GC	0.20259	0.02327	0.02571	-0.20259	0.02849	0.02571	0.02571	0.02571
TCG	TCA	GA	-1.48017	0.06270	0.02735	1.48017	0.01427	0.02735	0.02735	0.02735
TAT	TTT	AT	2.09856	0.00395	0.00944	-2.09856	0.03219	0.00944	0.00472	0.00472
TAT	TCT	AC	2.37591	0.00349	0.00914	-2.37591	0.03756	0.00914	0.00457	0.00457
TAC	TTC	AT	1.52319	0.00526	0.01025	-1.52319	0.02414	0.01025	0.00513	0.00513
TAC	TCC	AC	2.49369	0.00465	0.01265	-2.49369	0.05634	0.01265	0.00632	0.00632
TAC	TAT	CT	-0.41088	0.00615	0.00497	0.41088	0.00408	0.00497	0.00497	0.00497
TGT	TTT	GT	-0.66255	0.03158	0.02227	0.66255	0.01628	0.02227	0.01113	0.01113
TGT	TCT	GC	-0.38520	0.02792	0.02289	0.38520	0.01900	0.02289	0.01144	0.01144
TGT	TAT	GA	-2.76111	0.07524	0.01402	2.76111	0.00476	0.01402	0.00701	0.00701
TGC	TTC	GT	-1.35570	0.04737	0.02230	1.35570	0.01221	0.02230	0.01115	0.01115
TGC	TCC	GC	-0.38520	0.04188	0.03433	0.38520	0.02849	0.03433	0.01717	0.01717
TGC	TAC	GA	-2.87889	0.11287	0.01935	2.87889	0.00634	0.01935	0.00967	0.00967
TGC	TGT	CT	-0.52867	0.05536	0.04201	0.52867	0.03263	0.04201	0.04201	0.04201
TGG	TTG	GT	0.14838	0.02106	0.02266	-0.14838	0.02442	0.02266	0.01133	0.01133
TGG	TCG	GC	0.37694	0.01861	0.02234	-0.37694	0.02714	0.02234	0.01117	0.01117
TGG	TGT	GT	0.43606	0.02106	0.02598	-0.43606	0.03256	0.02598	0.01299	0.01299
TGG	TGC	GC	0.96473	0.01861	0.02902	-0.96473	0.04885	0.02902	0.01451	0.01451
CTT	TTT	CT	-0.34634	0.02307	0.01930	0.34634	0.01632	0.01930	0.00965	0.00965
CTC	TTC	CT	-0.49092	0.01999	0.01549	0.49092	0.01224	0.01549	0.00774	0.00774
CTC	CTT	CT	0.01990	0.01999	0.02019	-0.01990	0.02039	0.02019	0.02019	0.02019
CTA	TTA	CT	0.16448	0.00461	0.00500	-0.16448	0.00544	0.00500	0.00500	0.00500
CTA	CTT	AT	2.32170	0.00395	0.01016	-2.32170	0.04024	0.01016	0.01016	0.01016
CTA	CTC	AC	2.30180	0.00349	0.00893	-2.30180	0.03488	0.00893	0.00893	0.00893
CTG	TTG	CT	1.15773	0.00769	0.01298	-1.15773	0.02447	0.01298	0.01298	0.01298
CTG	CTT	GT	1.12921	0.00658	0.01098	-1.12921	0.02035	0.01098	0.01098	0.01098
CTG	CTC	GC	1.10931	0.00582	0.00963	-1.10931	0.01764	0.00963	0.00963	0.00963
CTG	CTA	GA	-1.19249	0.01568	0.00814	1.19249	0.00476	0.00814	0.00814	0.00814
CCT	TCT	CT	0.56995	0.01077	0.01412	-0.56995	0.01903	0.01412	0.00706	0.00706
CCT	CTT	CT	0.63894	0.01077	0.01457	-0.63894	0.02039	0.01457	0.00728	0.00728
CCC	TCC	CT	1.82271	0.00461	0.01003	-1.82271	0.02855	0.01003	0.00502	0.00502
CCC	CTC	CT	1.34314	0.00461	0.00839	-1.34314	0.01768	0.00839	0.00419	0.00419
CCC	CCT	CT	0.72410	0.00461	0.00648	-0.72410	0.00952	0.00648	0.00648	0.00648
CCA	TCA	CT	-0.00542	0.01230	0.01227	0.00542	0.01224	0.01227	0.00613	0.00613
CCA	CTA	CT	-1.10403	0.01230	0.00674	1.10403	0.00408	0.00674	0.00337	0.00337
CCA	CCT	AT	0.57873	0.01053	0.01387	-0.57873	0.01878	0.01387	0.01387	0.01387
CCA	CCC	AC	-0.14537	0.00931	0.00865	0.14537	0.00805	0.00865	0.00865	0.00865
CCG	TCG	CT	1.48624	0.00615	0.01182	-1.48624	0.02719	0.01182	0.00591	0.00591
CCG	CTG	CT	0.09994	0.00615	0.00646	-0.09994	0.00680	0.00646	0.00323	0.00323
CCG	CCT	GT	0.59021	0.00526	0.00697	-0.59021	0.00950	0.00697	0.00697	0.00697
CCG	CCC	GC	-0.13389	0.00465	0.00435	0.13389	0.00407	0.00435	0.00435	0.00435
CCG	CCA	GA	0.01148	0.01254	0.01261	-0.01148	0.01269	0.01261	0.01261	0.01261
CAT	TAT	CT	-1.50949	0.01845	0.00790	1.50949	0.00408	0.00790	0.00395	0.00395
CAT	CTT	AT	0.93540	0.01579	0.02431	-0.93540	0.04024	0.02431	0.01216	0.01216
CAT	CCT	AC	0.29646	0.01396	0.01613	-0.29646	0.01878	0.01613	0.00807	0.00807
CAC	TAC	CT	-1.78143	0.03230	0.01165	1.78143	0.00544	0.01165	0.00583	0.00583
CAC	CTC	AT	0.23269	0.02764	0.03098	-0.23269	0.03488	0.03098	0.01549	0.01549
CAC	CCC	AC	-1.11045	0.02443	0.01333	1.11045	0.00805	0.01333	0.00666	0.00666
CAC	CAT	CT	-0.68282	0.03230	0.02251	0.68282	0.01632	0.02251	0.02251	0.02251
CAA	CTA	AT	-0.26857	0.01053	0.00918	0.26857	0.00805	0.00918	0.00459	0.00459
CAA	CCA	AC	0.83546	0.00931	0.01373	-0.83546	0.02146	0.01373	0.00687	0.00687
CAA	CAT	AT	1.11773	0.01053	0.01749	-1.11773	0.03219	0.01749	0.00874	0.00874
CAA	CAC	AC	1.80054	0.00931	0.02007	-1.80054	0.05634	0.02007	0.01004	0.01004
CAG	CTG	AT	0.01911	0.01316	0.01329	-0.01911	0.01341	0.01329	0.00664	0.00664
CAG	CCG	AC	-0.08083	0.01163	0.01117	0.08083	0.01073	0.01117	0.00559	0.00559
CAG	CAT	GT	0.21292	0.01316	0.01461	-0.21292	0.01628	0.01461	0.00731	0.00731
CAG	CAC	GC	0.89573	0.01163	0.01761	-0.89573	0.02849	0.01761	0.00881	0.00881
CAG	CAA	GA	-0.90481	0.03135	0.01928	0.90481	0.01269	0.01928	0.01928	0.01928
CGT	TGT	CT	0.22164	0.02614	0.02915	-0.22164	0.03263	0.02915	0.01457	0.01457
CGT	CTT	GT	-0.09457	0.02237	0.02133	0.09457	0.02035	0.02133	0.01067	0.01067
CGT	CCT	GC	-0.73351	0.01978	0.01340	0.73351	0.00950	0.01340	0.00670	0.00670
CGT	CAT	GA	-1.02997	0.05330	0.03048	1.02997	0.01903	0.03048	0.01524	0.01524
CGC	TGC	CT	1.06242	0.01692	0.02747	-1.06242	0.04895	0.02747	0.01373	0.01373
CGC	CTC	GT	0.19765	0.01448	0.01595	-0.19765	0.01764	0.01595	0.00798	0.00798
CGC	CCC	GC	-1.14549	0.01280	0.00684	1.14549	0.00407	0.00684	0.00342	0.00342
CGC	CAC	GA	-0.03504	0.03449	0.03389	0.03504	0.03330	0.03389	0.01694	0.01694
CGC	CGT	CT	0.31212	0.01692	0.01969	-0.31212	0.02311	0.01969	0.01969	0.01969
CGA	CTA	GT	-0.25709	0.00526	0.00462	0.25709	0.00407	0.00462	0.00231	0.00231
CGA	CCA	GC	0.84694	0.00465	0.00690	-0.84694	0.01085	0.00690	0.00345	0.00345
CGA	CAA	GA	0.01148	0.01254	0.01261	-0.01148	0.01269	0.01261	0.00631	0.00631
CGA	CGT	AT	2.15918	0.00526	0.01285	-2.15918	0.04561	0.01285	0.01285	0.01285
CGA	CGC	AC	1.84706	0.00465	0.01021	-1.84706	0.02951	0.01021	0.01021	0.01021
CGG	TGG	CT	0.85763	0.00923	0.01374	-0.85763	0.02175	0.01374	0.00687	0.00687
CGG	CTG	GT	-0.15172	0.00790	0.00731	0.15172	0.00678	0.00731	0.00366	0.00366
CGG	CCG	GC	-0.25167	0.00698	0.00614	0.25167	0.00543	0.00614	0.00307	0.00307
CGG	CAG	GA	-0.17084	0.01881	0.01725	0.17084	0.01586	0.01725	0.00862	0.00862
CGG	CGT	GT	1.07205	0.00790	0.01287	-1.07205	0.02307	0.01287	0.01287	0.01287
CGG	CGC	GC	0.75993	0.00698	0.00997	-0.75993	0.01493	0.00997	0.00997	0.00997
CGG	CGA	GA	-1.08713	0.01881	0.01040	1.08713	0.00634	0.01040	0.01040	0.01040
ATT	TTT	AT	3.19717	0.00132	0.00439	-3.19717	0.03219	0.00439	0.00219	0.00219
ATT	CTT	AC	3.54351	0.00116	0.00425	-3.54351	0.04024	0.00425	0.00212	0.00212
ATC	TTC	AT	0.71226	0.01184	0.01656	-0.71226	0.02414	0.01656	0.00828	0.00828
ATC	CTC	AC	1.20319	0.01047	0.01800	-1.20319	0.03488	0.01800	0.00900	0.00900
ATC	ATT	CT	-2.32042	0.01384	0.00350	2.32042	0.00136	0.00350	0.00350	0.00350
ATA	TTA	AT	9.31148	0.00000	0.00000	-9.31148	0.01073	0.00001	0.00000	0.00000
ATA	CTA	AC	9.14700	0.00000	0.00000	-9.14700	0.00805	0.00001	0.00000	0.00000
ATA	ATT	AT	7.92518	0.00000	0.00000	-7.92518	0.00268	0.00001	0.00000	0.00001
ATA	ATC	AC	10.24561	0.00000	0.00000	-10.24561	0.02414	0.00001	0.00000	0.00001
ATG	TTG	AT	1.03768	0.01711	0.02749	-1.03768	0.04829	0.02749	0.01375	0.01375
ATG	CTG	AC	-0.12005	0.01512	0.01423	0.12005	0.01341	0.01423	0.00712	0.00712
ATG	ATT	GT	-2.53435	0.01711	0.00373	2.53435	0.00136	0.00373	0.00187	0.00187
ATG	ATC	GC	-0.21393	0.01512	0.01356	0.21393	0.01221	0.01356	0.00678	0.00678
ATG	ATA	GA	-10.45954	0.04076	0.00001	10.45954	0.00000	0.00000	0.00001	0.00000
ACT	TCT	AT	1.27188	0.01053	0.01861	-1.27188	0.03756	0.01861	0.00930	0.00930
ACT	CCT	AC	0.70193	0.00931	0.01295	-0.70193	0.01878	0.01295	0.00648	0.00648
ACT	ATT	CT	-2.20264	0.01230	0.00337	2.20264	0.00136	0.00337	0.00168	0.00168
ACC	TCC	AT	2.37049	0.00526	0.01376	-2.37049	0.05634	0.01376	0.00688	0.00688
ACC	CCC	AC	0.54778	0.00465	0.00604	-0.54778	0.00805	0.00604	0.00302	0.00302
ACC	ATC	CT	0.68773	0.00615	0.00851	-0.68773	0.01224	0.00851	0.00425	0.00425
ACC	ACT	CT	0.56995	0.00615	0.00807	-0.56995	0.01088	0.00807	0.00807	0.00807
ACA	TCA	AT	1.30005	0.00658	0.01176	-1.30005	0.02414	0.01176	0.00588	0.00588
ACA	CCA	AC	1.30546	0.00582	0.01042	-1.30546	0.02146	0.01042	0.00521	0.00521
ACA	ATA	CT	-8.94556	0.00769	0.00001	8.94556	0.00000	0.00000	0.00000	0.00000
ACA	ACT	AT	1.18226	0.00658	0.01122	-1.18226	0.02146	0.01122	0.01122	0.01122
ACA	ACC	AC	0.61232	0.00582	0.00778	-0.61232	0.01073	0.00778	0.00778	0.00778
ACG	TCG	AT	0.71226	0.02632	0.03680	-0.71226	0.05365	0.03680	0.01840	0.01840
ACG	CCG	AC	-0.77398	0.02327	0.01541	0.77398	0.01073	0.01541	0.00771	0.00771
ACG	ATG	CT	-0.55398	0.03076	0.02302	0.55398	0.01768	0.02302	0.01151	0.01151
ACG	ACT	GT	-0.88569	0.02632	0.01636	0.88569	0.01085	0.01636	0.01636	0.01636
ACG	ACC	GC	-1.45564	0.02327	0.01030	1.45564	0.00543	0.01030	0.01030	0.01030
ACG	ACA	GA	-2.06796	0.06270	0.01877	2.06796	0.00793	0.01877	0.01877	0.01877
AAT	TAT	AT	-0.13504	0.00921	0.00860	0.13504	0.00805	0.00860	0.00430	0.00430
AAT	CAT	AC	1.37446	0.00814	0.01498	-1.37446	0.03219	0.01498	0.00749	0.00749
AAT	ATT	AT	-1.23365	0.00921	0.00467	1.23365	0.00268	0.00467	0.00233	0.00233
AAT	ACT	AC	0.96899	0.00814	0.01272	-0.96899	0.02146	0.01272	0.00636	0.00636
AAC	TAC	AT	-0.29934	0.01448	0.01242	0.29934	0.01073	0.01242	0.00621	0.00621
AAC	CAC	AC	1.48209	0.01280	0.02454	-1.48209	0.05634	0.02454	0.01227	0.01227
AAC	ATC	AT	0.51159	0.01448	0.01849	-0.51159	0.02414	0.01849	0.00925	0.00925
AAC	ACC	AC	-0.17614	0.01280	0.01170	0.17614	0.01073	0.01170	0.00585	0.00585
AAC	AAT	CT	-0.57519	0.01692	0.01252	0.57519	0.00952	0.01252	0.01252	0.01252
AAA	CAA	AC	0.20685	0.01745	0.01932	-0.20685	0.02146	0.01932	0.00966	0.00966
AAA	ATA	AT	-9.20871	0.01974	0.00002	9.20871	0.00000	0.00000	0.00001	0.00000
AAA	ACA	AC	-0.26315	0.01745	0.01526	0.26315	0.01341	0.01526	0.00763	0.00763
AAA	AAT	AT	-0.04988	0.01974	0.01925	0.04988	0.01878	0.01925	0.00963	0.00963
AAA	AAC	AC	0.52531	0.01745	0.02243	-0.52531	0.02951	0.02243	0.01122	0.01122
AAG	CAG	AC	0.30483	0.01978	0.02295	-0.30483	0.02683	0.02295	0.01147	0.01147
AAG	ATG	AT	0.44400	0.02237	0.02770	-0.44400	0.03488	0.02770	0.01385	0.01385
AAG	ACG	AC	0.99798	0.01978	0.03126	-0.99798	0.05365	0.03126	0.01563	0.01563
AAG	AAT	GT	-0.85671	0.02237	0.01414	0.85671	0.00950	0.01414	0.00707	0.00707
AAG	AAC	GC	-0.28152	0.01978	0.01712	0.28152	0.01493	0.01712	0.00856	0.00856
AAG	AAA	GA	-0.80683	0.05330	0.03466	0.80683	0.02379	0.03466	0.03466	0.03466
AGT	TGT	AT	1.81087	0.01053	0.02279	-1.81087	0.06439	0.02279	0.01140	0.01140
AGT	CGT	AC	1.58923	0.00931	0.01858	-1.58923	0.04561	0.01858	0.00929	0.00929
AGT	ATT	GT	-2.04884	0.01053	0.00319	2.04884	0.00136	0.00319	0.00160	0.00160
AGT	ACT	GC	0.15380	0.00931	0.01004	-0.15380	0.01085	0.01004	0.00502	0.00502
AGT	AAT	GA	-0.81520	0.02508	0.01623	0.81520	0.01110	0.01623	0.00812	0.00812
AGC	TGC	AT	1.81087	0.01579	0.03419	-1.81087	0.09658	0.03419	0.01709	0.01709
AGC	CGC	AC	0.74845	0.01396	0.01983	-0.74845	0.02951	0.01983	0.00992	0.00992
AGC	ATC	GT	-0.25709	0.01579	0.01385	0.25709	0.01221	0.01385	0.00692	0.00692
AGC	ACC	GC	-0.94482	0.01396	0.00839	0.94482	0.00543	0.00839	0.00419	0.00419
AGC	AAC	GA	-0.76868	0.03762	0.02500	0.76868	0.01744	0.02500	0.01250	0.01250
AGC	AGT	CT	-0.52867	0.01845	0.01400	0.52867	0.01088	0.01400	0.01400	0.01400
AGA	CGA	AC	-0.26315	0.01396	0.01220	0.26315	0.01073	0.01220	0.01220	0.01220
AGA	ATA	GT	-9.66723	0.01579	0.00001	9.66723	0.00000	0.00000	0.00000	0.00000
AGA	ACA	GC	-0.72167	0.01396	0.00952	0.72167	0.00678	0.00952	0.00476	0.00476
AGA	AAA	GA	-0.45852	0.03762	0.02965	0.45852	0.02379	0.02965	0.01483	0.01483
AGA	AGT	AT	0.30680	0.01579	0.01834	-0.30680	0.02146	0.01834	0.00917	0.00917
AGA	AGC	AC	0.83546	0.01396	0.02060	-0.83546	0.03219	0.02060	0.01030	0.01030
AGG	TGG	AT	1.18226	0.01316	0.02244	-1.18226	0.04292	0.02244	0.01122	0.01122
AGG	CGG	AC	0.32464	0.01163	0.01362	-0.32464	0.01610	0.01362	0.01362	0.01362
AGG	ATG	GT	0.29296	0.01316	0.01518	-0.29296	0.01764	0.01518	0.00759	0.00759
AGG	ACG	GC	0.84694	0.01163	0.01725	-0.84694	0.02714	0.01725	0.00862	0.00862
AGG	AAG	GA	-0.15104	0.03135	0.02904	0.15104	0.02696	0.02904	0.01452	0.01452
AGG	AGT	GT	-0.19255	0.01316	0.01193	0.19255	0.01085	0.01193	0.00597	0.00597
AGG	AGC	GC	0.33612	0.01163	0.01370	-0.33612	0.01628	0.01370	0.00685	0.00685
AGG	AGA	GA	-0.49934	0.03135	0.02417	0.49934	0.01903	0.02417	0.02417	0.02417
GTT	TTT	GT	-0.31771	0.02237	0.01901	0.31771	0.01628	0.01901	0.00950	0.00950
GTT	CTT	GC	0.02863	0.01978	0.02006	-0.02863	0.02035	0.02006	0.01003	0.01003
GTT	ATT	GA	-3.51488	0.05330	0.00574	3.51488	0.00159	0.00574	0.00287	0.00287
GTC	TTC	GT	-0.41124	0.01842	0.01489	0.41124	0.01221	0.01489	0.00745	0.00745
GTC	CTC	GC	0.07969	0.01629	0.01695	-0.07969	0.01764	0.01695	0.00847	0.00847
GTC	ATC	GA	-1.12350	0.04389	0.02376	1.12350	0.01427	0.02376	0.01188	0.01188
GTC	GTT	CT	0.07096	0.02153	0.02230	-0.07096	0.02311	0.02230	0.02230	0.02230
GTA	TTA	GT	-0.66255	0.01053	0.00742	0.66255	0.00543	0.00742	0.00371	0.00371
GTA	CTA	GC	-0.82703	0.00931	0.00598	0.82703	0.00407	0.00598	0.00299	0.00299
GTA	ATA	GA	-9.97403	0.02508	0.00001	9.97403	0.00000	0.00000	0.00001	0.00000
GTA	GTT	AT	1.46603	0.01053	0.02007	-1.46603	0.04561	0.02007	0.02007	0.02007
GTA	GTC	AC	1.39508	0.00931	0.01726	-1.39508	0.03756	0.01726	0.01726	0.01726
GTG	TTG	GT	0.35602	0.01711	0.02033	-0.35602	0.02442	0.02033	0.01017	0.01017
GTG	CTG	GC	-0.80171	0.01512	0.00986	0.80171	0.00678	0.00986	0.00493	0.00493
GTG	ATG	GA	-0.68166	0.04076	0.02843	0.68166	0.02061	0.02843	0.01422	0.01422
GTG	GTT	GT	0.29886	0.01711	0.01979	-0.29886	0.02307	0.01979	0.01979	0.01979
GTG	GTC	GC	0.22791	0.01512	0.01691	-0.22791	0.01900	0.01691	0.01691	0.01691
GTG	GTA	GA	-1.16717	0.04076	0.02150	1.16717	0.01269	0.02150	0.02150	0.02150
GCT	TCT	GT	-0.69764	0.03816	0.02639	0.69764	0.01900	0.02639	0.01319	0.01319
GCT	CCT	GC	-1.26759	0.03374	0.01676	1.26759	0.00950	0.01676	0.00838	0.00838
GCT	ACT	GA	-1.96952	0.09092	0.02904	1.96952	0.01269	0.02904	0.01452	0.01452
GCT	GTT	CT	-0.65728	0.04460	0.03154	0.65728	0.02311	0.03154	0.01577	0.01577
GCC	TCC	GT	0.18475	0.02369	0.02594	-0.18475	0.02849	0.02594	0.01297	0.01297
GCC	CCC	GC	-1.63796	0.02094	0.00828	1.63796	0.00407	0.00828	0.00414	0.00414
GCC	ACC	GA	-2.18574	0.05643	0.01562	2.18574	0.00634	0.01562	0.00781	0.00781
GCC	GTC	CT	-0.37451	0.02768	0.02282	0.37451	0.01903	0.02282	0.01141	0.01141
GCC	GCT	CT	0.35372	0.02768	0.03287	-0.35372	0.03943	0.03287	0.03287	0.03287
GCA	TCA	GT	-0.25709	0.01579	0.01385	0.25709	0.01221	0.01385	0.00692	0.00692
GCA	CCA	GC	-0.25167	0.01396	0.01228	0.25167	0.01085	0.01228	0.00614	0.00614
GCA	ACA	GA	-1.55713	0.03762	0.01564	1.55713	0.00793	0.01564	0.00782	0.00782
GCA	GTA	CT	-0.52867	0.01845	0.01400	0.52867	0.01088	0.01400	0.00700	0.00700
GCA	GCT	AT	1.59465	0.01579	0.03160	-1.59465	0.07780	0.03160	0.03160	0.03160
GCA	GCC	AC	1.24093	0.01396	0.02437	-1.24093	0.04829	0.02437	0.02437	0.02437
GCG	TCG	GT	-0.19255	0.03290	0.02983	0.19255	0.02714	0.02983	0.01492	0.01492
GCG	CCG	GC	-1.67878	0.02909	0.01120	1.67878	0.00543	0.01120	0.00560	0.00560
GCG	ACG	GA	-0.90481	0.07838	0.04820	0.90481	0.03171	0.04820	0.02410	0.02410
GCG	GTG	CT	-0.77713	0.03845	0.02542	0.77713	0.01768	0.02542	0.01271	0.01271
GCG	GCT	GT	0.17902	0.03290	0.03593	-0.17902	0.03935	0.03593	0.03593	0.03593
GCG	GCC	GC	-0.17471	0.02909	0.02662	0.17471	0.02442	0.02662	0.02662	0.02662
GCG	GCA	GA	-1.41563	0.07838	0.03557	1.41563	0.01903	0.03557	0.03557	0.03557
GAT	TAT	GT	-2.20300	0.03685	0.01008	2.20300	0.00407	0.01008	0.00504	0.00504
GAT	CAT	GC	-0.69350	0.03258	0.02258	0.69350	0.01628	0.02258	0.01129	0.01129
GAT	AAT	GA	-2.06796	0.08778	0.02628	2.06796	0.01110	0.02628	0.01314	0.01314
GAT	GTT	AT	0.21327	0.03685	0.04092	-0.21327	0.04561	0.04092	0.02046	0.02046
GAT	GCT	AC	0.87055	0.03258	0.04879	-0.87055	0.07780	0.04879	0.02439	0.02439
GAC	TAC	GT	-1.57884	0.02632	0.01080	1.57884	0.00543	0.01080	0.00540	0.00540
GAC	CAC	GC	0.20259	0.02327	0.02571	-0.20259	0.02849	0.02571	0.01285	0.01285
GAC	AAC	GA	-1.27950	0.06270	0.03092	1.27950	0.01744	0.03092	0.01546	0.01546
GAC	GTC	AT	0.35559	0.02632	0.03128	-0.35559	0.03756	0.03128	0.01564	0.01564
GAC	GCC	AC	0.73010	0.02327	0.03279	-0.73010	0.04829	0.03279	0.01639	0.01639
GAC	GAT	CT	0.21327	0.03076	0.03415	-0.21327	0.03807	0.03415	0.03415	0.03415
GAA	CAA	GC	-0.47481	0.01745	0.01363	0.47481	0.01085	0.01363	0.00682	0.00682
GAA	AAA	GA	-0.68166	0.04703	0.03281	0.68166	0.02379	0.03281	0.01640	0.01640
GAA	GTA	AT	0.08365	0.01974	0.02058	-0.08365	0.02146	0.02058	0.01029	0.01029
GAA	GCA	AC	0.61232	0.01745	0.02334	-0.61232	0.03219	0.02334	0.01167	0.01167
GAA	GAT	AT	1.33642	0.01974	0.03578	-1.33642	0.07512	0.03578	0.01789	0.01789
GAA	GAC	AC	1.12314	0.01745	0.02905	-1.12314	0.05365	0.02905	0.01452	0.01452
GAG	CAG	GC	-0.37683	0.01978	0.01629	0.37683	0.01357	0.01629	0.00814	0.00814
GAG	AAG	GA	-0.68166	0.05330	0.03718	0.68166	0.02696	0.03718	0.01859	0.01859
GAG	GTG	AT	0.44400	0.02237	0.02770	-0.44400	0.03488	0.02770	0.01385	0.01385
GAG	GCG	AC	1.22112	0.01978	0.03425	-1.22112	0.06707	0.03425	0.01713	0.01713
GAG	GAT	GT	0.52959	0.02237	0.02882	-0.52959	0.03799	0.02882	0.01441	0.01441
GAG	GAC	GC	0.31632	0.01978	0.02307	-0.31632	0.02714	0.02307	0.01154	0.01154
GAG	GAA	GA	-0.80683	0.05330	0.03466	0.80683	0.02379	0.03466	0.03466	0.03466
GGT	TGT	GT	1.01143	0.01184	0.01883	-1.01143	0.03256	0.01883	0.00941	0.00941
GGT	CGT	GC	0.78979	0.01047	0.01514	-0.78979	0.02307	0.01514	0.00757	0.00757
GGT	AGT	GA	-0.79945	0.02822	0.01842	0.79945	0.01269	0.01842	0.00921	0.00921
GGT	GTT	GT	0.66659	0.01184	0.01623	-0.66659	0.02307	0.01623	0.00811	0.00811
GGT	GCT	GC	1.32387	0.01047	0.01889	-1.32387	0.03935	0.01889	0.00944	0.00944
GGT	GAT	GA	0.45332	0.02822	0.03509	-0.45332	0.04440	0.03509	0.01755	0.01755
GGC	TGC	GT	1.82236	0.00790	0.01716	-1.82236	0.04885	0.01716	0.00858	0.00858
GGC	CGC	GC	0.75993	0.00698	0.00997	-0.75993	0.01493	0.00997	0.00498	0.00498
GGC	AGC	GA	0.01148	0.01881	0.01892	-0.01148	0.01903	0.01892	0.00946	0.00946
GGC	GTC	GT	0.87789	0.00790	0.01186	-0.87789	0.01900	0.01186	0.00593	0.00593
GGC	GCC	GC	1.25241	0.00698	0.01224	-1.25241	0.02442	0.01224	0.00612	0.00612
GGC	GAC	GA	0.52231	0.01881	0.02415	-0.52231	0.03171	0.02415	0.01207	0.01207
GGC	GGT	CT	0.28226	0.00923	0.01059	-0.28226	0.01224	0.01059	0.01059	0.01059
GGA	CGA	GC	-1.09897	0.01629	0.00895	1.09897	0.00543	0.00895	0.00447	0.00447
GGA	AGA	GA	-0.83581	0.04389	0.02808	0.83581	0.01903	0.02808	0.01404	0.01404
GGA	GTA	GT	-0.52902	0.01842	0.01398	0.52902	0.01085	0.01398	0.00699	0.00699
GGA	GCA	GC	-0.00035	0.01629	0.01629	0.00035	0.01628	0.01629	0.00814	0.00814
GGA	GAA	GA	-0.61267	0.04389	0.03181	0.61267	0.02379	0.03181	0.01591	0.01591
GGA	GGT	AT	0.27043	0.01842	0.02103	-0.27043	0.02414	0.02103	0.02103	0.02103
GGA	GGC	AC	-0.01184	0.01629	0.01619	0.01184	0.01610	0.01619	0.01619	0.01619
GGG	TGG	GT	1.70457	0.00395	0.00823	-1.70457	0.02171	0.00823	0.00411	0.00411
GGG	CGG	GC	0.84694	0.00349	0.00517	-0.84694	0.00814	0.00517	0.00259	0.00259
GGG	AGG	GA	0.52231	0.00941	0.01207	-0.52231	0.01586	0.01207	0.00604	0.00604
GGG	GTG	GT	1.49693	0.00395	0.00761	-1.49693	0.01764	0.00761	0.00381	0.00381
GGG	GCG	GC	2.27406	0.00349	0.00885	-2.27406	0.03392	0.00885	0.00442	0.00442
GGG	GAG	GA	1.05294	0.00941	0.01521	-1.05294	0.02696	0.01521	0.00761	0.00761
GGG	GGT	GT	1.12921	0.00395	0.00659	-1.12921	0.01221	0.00659	0.00659	0.00659
GGG	GGC	GC	0.84694	0.00349	0.00517	-0.84694	0.00814	0.00517	0.00517	0.00517
GGG	GGA	GA	0.85878	0.00941	0.01402	-0.85878	0.02220	0.01402	0.01402	0.01402


Histograms
2Ns	FMut	FSub(CodonUsage)	FSubw(after w)

-9.96146	0.00964	0.00000	0.00000
-8.96532	0.00421	0.00000	0.00000
-7.96917	0.00024	0.00000	0.00000
-6.97302	0.00000	0.00000	0.00000
-5.97688	0.00000	0.00000	0.00000
-4.98073	0.00000	0.00000	0.00000
-3.98459	0.00853	0.00111	0.00089
-2.98844	0.02678	0.00599	0.00481
-1.99229	0.13648	0.05502	0.05601
-0.99615	0.34338	0.25192	0.25342
0.00000	0.31036	0.37192	0.36975
0.99615	0.13790	0.25192	0.25342
1.99229	0.02054	0.05502	0.05601
2.98844	0.00168	0.00599	0.00481
3.98459	0.00025	0.00111	0.00089
4.98073	0.00000	0.00000	0.00000
5.97688	0.00000	0.00000	0.00000
6.97302	0.00000	0.00000	0.00000
7.96917	0.00000	0.00000	0.00000
8.96532	0.00000	0.00000	0.00000
9.96146	0.00000	0.00000	0.00000

Proportion of advantageous (S > 0) mutations:
 0.29676

Proportions of good & bad mutations (|S| > 2.0000) among mutations:
0.00820  0.10571

mean |Ns| = 1.07358	mean Ns+ = 0.66147	mean Ns- = -1.24748
