Supplemental results for CODEML (seqf: aligned.fas  treef: AT2G24790_AT2G24790.1_Athaliana_Araport11.treefile)

I	J	ij	2Ns_IJ	pMut_IJ	pSub_IJ	2Ns_JI	pMut_JI	pSub_JI

TTC	TTT	CT	0.18453	0.01420	0.01555	-0.18453	0.01707	0.01555	0.01555	0.01555
TTA	TTT	AT	1.80671	0.00543	0.01174	-1.80671	0.03308	0.01174	0.00587	0.00587
TTA	TTC	AC	1.62219	0.00490	0.00990	-1.62219	0.02481	0.00990	0.00495	0.00495
TTG	TTT	GT	-0.40635	0.02445	0.01981	0.40635	0.01628	0.01981	0.00991	0.00991
TTG	TTC	GC	-0.59088	0.02205	0.01617	0.59088	0.01221	0.01617	0.00809	0.00809
TTG	TTA	GA	-2.21307	0.05764	0.01566	2.21307	0.00630	0.01566	0.01566	0.01566
TCT	TTT	CT	-0.25731	0.02208	0.01936	0.25731	0.01707	0.01936	0.00968	0.00968
TCC	TTC	CT	-0.95045	0.03312	0.01984	0.95045	0.01280	0.01984	0.00992	0.00992
TCC	TCT	CT	-0.50862	0.03312	0.02541	0.50862	0.01992	0.02541	0.02541	0.02541
TCA	TTA	CT	-0.91409	0.01420	0.00868	0.91409	0.00569	0.00868	0.00434	0.00434
TCA	TCT	AT	1.14994	0.01222	0.02057	-1.14994	0.03860	0.02057	0.02057	0.02057
TCA	TCC	AC	1.65856	0.01102	0.02259	-1.65856	0.05790	0.02259	0.02259	0.02259
TCG	TTG	CT	-0.20852	0.03154	0.02837	0.20852	0.02561	0.02837	0.01419	0.01419
TCG	TCT	GT	-0.35756	0.02716	0.02259	0.35756	0.01900	0.02259	0.02259	0.02259
TCG	TCC	GC	0.15106	0.02450	0.02640	-0.15106	0.02849	0.02640	0.02640	0.02640
TCG	TCA	GA	-1.50750	0.06404	0.02746	1.50750	0.01418	0.02746	0.02746	0.02746
TAT	TTT	AT	2.09440	0.00407	0.00973	-2.09440	0.03308	0.00973	0.00487	0.00487
TAT	TCT	AC	2.35170	0.00367	0.00955	-2.35170	0.03860	0.00955	0.00478	0.00478
TAC	TTC	AT	1.51903	0.00543	0.01056	-1.51903	0.02481	0.01056	0.00528	0.00528
TAC	TCC	AC	2.46949	0.00490	0.01322	-2.46949	0.05790	0.01322	0.00661	0.00661
TAC	TAT	CT	-0.39084	0.00631	0.00516	0.39084	0.00427	0.00516	0.00516	0.00516
TGT	TTT	GT	-0.69403	0.03259	0.02258	0.69403	0.01628	0.02258	0.01129	0.01129
TGT	TCT	GC	-0.43673	0.02940	0.02344	0.43673	0.01900	0.02344	0.01172	0.01172
TGT	TAT	GA	-2.78843	0.07685	0.01405	2.78843	0.00473	0.01405	0.00702	0.00702
TGC	TTC	GT	-1.38718	0.04889	0.02258	1.38718	0.01221	0.02258	0.01129	0.01129
TGC	TCC	GC	-0.43673	0.04410	0.03517	0.43673	0.02849	0.03517	0.01758	0.01758
TGC	TAC	GA	-2.90621	0.11527	0.01938	2.90621	0.00630	0.01938	0.00969	0.00969
TGC	TGT	CT	-0.50862	0.05678	0.04356	0.50862	0.03414	0.04356	0.04356	0.04356
TGG	TTG	GT	0.11690	0.02173	0.02302	-0.11690	0.02442	0.02302	0.01151	0.01151
TGG	TCG	GC	0.32541	0.01960	0.02296	-0.32541	0.02714	0.02296	0.01148	0.01148
TGG	TGT	GT	0.40458	0.02173	0.02642	-0.40458	0.03256	0.02642	0.01321	0.01321
TGG	TGC	GC	0.91320	0.01960	0.02989	-0.91320	0.04885	0.02989	0.01495	0.01495
CTT	TTT	CT	-0.32630	0.02366	0.02001	0.32630	0.01707	0.02001	0.01000	0.01000
CTC	TTC	CT	-0.47088	0.02050	0.01605	0.47088	0.01280	0.01605	0.00803	0.00803
CTC	CTT	CT	0.03995	0.02050	0.02092	-0.03995	0.02134	0.02092	0.02092	0.02092
CTA	TTA	CT	0.18453	0.00473	0.00518	-0.18453	0.00569	0.00518	0.00518	0.00518
CTA	CTT	AT	2.31754	0.00407	0.01047	-2.31754	0.04136	0.01047	0.01047	0.01047
CTA	CTC	AC	2.27759	0.00367	0.00933	-2.27759	0.03584	0.00933	0.00933	0.00933
CTG	TTG	CT	1.17778	0.00789	0.01342	-1.17778	0.02561	0.01342	0.01342	0.01342
CTG	CTT	GT	1.09772	0.00679	0.01119	-1.09772	0.02035	0.01119	0.01119	0.01119
CTG	CTC	GC	1.05778	0.00612	0.00992	-1.05778	0.01764	0.00992	0.00992	0.00992
CTG	CTA	GA	-1.21982	0.01601	0.00818	1.21982	0.00473	0.00818	0.00818	0.00818
CCT	TCT	CT	0.58999	0.01104	0.01462	-0.58999	0.01992	0.01462	0.00731	0.00731
CCT	CTT	CT	0.65898	0.01104	0.01508	-0.65898	0.02134	0.01508	0.00754	0.00754
CCC	TCC	CT	1.84275	0.00473	0.01036	-1.84275	0.02988	0.01036	0.00518	0.00518
CCC	CTC	CT	1.36318	0.00473	0.00867	-1.36318	0.01849	0.00867	0.00433	0.00433
CCC	CCT	CT	0.74414	0.00473	0.00671	-0.74414	0.00996	0.00671	0.00671	0.00671
CCA	TCA	CT	0.01463	0.01262	0.01271	-0.01463	0.01280	0.01271	0.00636	0.00636
CCA	CTA	CT	-1.08398	0.01262	0.00699	1.08398	0.00427	0.00699	0.00350	0.00350
CCA	CCT	AT	0.57457	0.01086	0.01428	-0.57457	0.01930	0.01428	0.01428	0.01428
CCA	CCC	AC	-0.16957	0.00980	0.00899	0.16957	0.00827	0.00899	0.00899	0.00899
CCG	TCG	CT	1.50628	0.00631	0.01221	-1.50628	0.02845	0.01221	0.00611	0.00611
CCG	CTG	CT	0.11999	0.00631	0.00669	-0.11999	0.00711	0.00669	0.00335	0.00335
CCG	CCT	GT	0.55873	0.00543	0.00709	-0.55873	0.00950	0.00709	0.00709	0.00709
CCG	CCC	GC	-0.18541	0.00490	0.00446	0.18541	0.00407	0.00446	0.00446	0.00446
CCG	CCA	GA	-0.01584	0.01281	0.01271	0.01584	0.01261	0.01271	0.01271	0.01271
CAT	TAT	CT	-1.48945	0.01893	0.00821	1.48945	0.00427	0.00821	0.00410	0.00410
CAT	CTT	AT	0.93125	0.01630	0.02505	-0.93125	0.04136	0.02505	0.01252	0.01252
CAT	CCT	AC	0.27226	0.01470	0.01679	-0.27226	0.01930	0.01679	0.00840	0.00840
CAC	TAC	CT	-1.76138	0.03312	0.01210	1.76138	0.00569	0.01210	0.00605	0.00605
CAC	CTC	AT	0.22853	0.02852	0.03190	-0.22853	0.03584	0.03190	0.01595	0.01595
CAC	CCC	AC	-1.13465	0.02572	0.01383	1.13465	0.00827	0.01383	0.00692	0.00692
CAC	CAT	CT	-0.66277	0.03312	0.02335	0.66277	0.01707	0.02335	0.02335	0.02335
CAA	CTA	AT	-0.27273	0.01086	0.00945	0.27273	0.00827	0.00945	0.00473	0.00473
CAA	CCA	AC	0.81126	0.00980	0.01431	-0.81126	0.02206	0.01431	0.00715	0.00715
CAA	CAT	AT	1.11357	0.01086	0.01801	-1.11357	0.03308	0.01801	0.00901	0.00901
CAA	CAC	AC	1.77634	0.00980	0.02095	-1.77634	0.05790	0.02095	0.01048	0.01048
CAG	CTG	AT	0.01496	0.01358	0.01368	-0.01496	0.01379	0.01368	0.00684	0.00684
CAG	CCG	AC	-0.10503	0.01225	0.01162	0.10503	0.01103	0.01162	0.00581	0.00581
CAG	CAT	GT	0.18143	0.01358	0.01485	-0.18143	0.01628	0.01485	0.00742	0.00742
CAG	CAC	GC	0.84421	0.01225	0.01814	-0.84421	0.02849	0.01814	0.00907	0.00907
CAG	CAA	GA	-0.93213	0.03202	0.01938	0.93213	0.01261	0.01938	0.01938	0.01938
CGT	TGT	CT	0.24169	0.02681	0.03018	-0.24169	0.03414	0.03018	0.01509	0.01509
CGT	CTT	GT	-0.12605	0.02309	0.02166	0.12605	0.02035	0.02166	0.01083	0.01083
CGT	CCT	GC	-0.78504	0.02082	0.01371	0.78504	0.00950	0.01371	0.00685	0.00685
CGT	CAT	GA	-1.05730	0.05443	0.03064	1.05730	0.01891	0.03064	0.01532	0.01532
CGC	TGC	CT	1.08247	0.01735	0.02840	-1.08247	0.05122	0.02840	0.01420	0.01420
CGC	CTC	GT	0.16617	0.01494	0.01621	-0.16617	0.01764	0.01621	0.00811	0.00811
CGC	CCC	GC	-1.19702	0.01347	0.00698	1.19702	0.00407	0.00698	0.00349	0.00349
CGC	CAC	GA	-0.06236	0.03522	0.03414	0.06236	0.03309	0.03414	0.01707	0.01707
CGC	CGT	CT	0.33216	0.01735	0.02039	-0.33216	0.02418	0.02039	0.02039	0.02039
CGA	CTA	GT	-0.28857	0.00543	0.00469	0.28857	0.00407	0.00469	0.00234	0.00234
CGA	CCA	GC	0.79541	0.00490	0.00710	-0.79541	0.01085	0.00710	0.00355	0.00355
CGA	CAA	GA	-0.01584	0.01281	0.01271	0.01584	0.01261	0.01271	0.00635	0.00635
CGA	CGT	AT	2.15502	0.00543	0.01324	-2.15502	0.04687	0.01324	0.01324	0.01324
CGA	CGC	AC	1.82286	0.00490	0.01065	-1.82286	0.03033	0.01065	0.01065	0.01065
CGG	TGG	CT	0.87767	0.00946	0.01422	-0.87767	0.02276	0.01422	0.00711	0.00711
CGG	CTG	GT	-0.18321	0.00815	0.00742	0.18321	0.00678	0.00742	0.00371	0.00371
CGG	CCG	GC	-0.30320	0.00735	0.00629	0.30320	0.00543	0.00629	0.00315	0.00315
CGG	CAG	GA	-0.19816	0.01921	0.01737	0.19816	0.01576	0.01737	0.00869	0.00869
CGG	CGT	GT	1.04057	0.00815	0.01311	-1.04057	0.02307	0.01311	0.01311	0.01311
CGG	CGC	GC	0.70840	0.00735	0.01026	-0.70840	0.01493	0.01026	0.01026	0.01026
CGG	CGA	GA	-1.11446	0.01921	0.01045	1.11446	0.00630	0.01045	0.01045	0.01045
ATT	TTT	AT	3.19301	0.00136	0.00452	-3.19301	0.03308	0.00452	0.00226	0.00226
ATT	CTT	AC	3.51931	0.00122	0.00444	-3.51931	0.04136	0.00444	0.00222	0.00222
ATC	TTC	AT	0.70810	0.01222	0.01706	-0.70810	0.02481	0.01706	0.00853	0.00853
ATC	CTC	AC	1.17898	0.01102	0.01877	-1.17898	0.03584	0.01877	0.00939	0.00939
ATC	ATT	CT	-2.30038	0.01420	0.00364	2.30038	0.00142	0.00364	0.00364	0.00364
ATA	TTA	AT	9.30732	0.00000	0.00000	-9.30732	0.01103	0.00001	0.00000	0.00000
ATA	CTA	AC	9.12279	0.00000	0.00000	-9.12279	0.00827	0.00001	0.00000	0.00000
ATA	ATT	AT	7.92103	0.00000	0.00000	-7.92103	0.00276	0.00001	0.00000	0.00001
ATA	ATC	AC	10.22140	0.00000	0.00000	-10.22140	0.02481	0.00001	0.00000	0.00001
ATG	TTG	AT	1.03352	0.01765	0.02832	-1.03352	0.04963	0.02832	0.01416	0.01416
ATG	CTG	AC	-0.14425	0.01592	0.01480	0.14425	0.01379	0.01480	0.00740	0.00740
ATG	ATT	GT	-2.56584	0.01765	0.00377	2.56584	0.00136	0.00377	0.00189	0.00189
ATG	ATC	GC	-0.26546	0.01592	0.01390	0.26546	0.01221	0.01390	0.00695	0.00695
ATG	ATA	GA	-10.48686	0.04163	0.00001	10.48686	0.00000	0.00000	0.00001	0.00000
ACT	TCT	AT	1.26772	0.01086	0.01917	-1.26772	0.03860	0.01917	0.00958	0.00958
ACT	CCT	AC	0.67773	0.00980	0.01349	-0.67773	0.01930	0.01349	0.00675	0.00675
ACT	ATT	CT	-2.18260	0.01262	0.00350	2.18260	0.00142	0.00350	0.00175	0.00175
ACC	TCC	AT	2.36633	0.00543	0.01419	-2.36633	0.05790	0.01419	0.00709	0.00709
ACC	CCC	AC	0.52358	0.00490	0.00629	-0.52358	0.00827	0.00629	0.00315	0.00315
ACC	ATC	CT	0.70778	0.00631	0.00880	-0.70778	0.01280	0.00880	0.00440	0.00440
ACC	ACT	CT	0.58999	0.00631	0.00835	-0.58999	0.01138	0.00835	0.00835	0.00835
ACA	TCA	AT	1.29589	0.00679	0.01211	-1.29589	0.02481	0.01211	0.00606	0.00606
ACA	CCA	AC	1.28126	0.00612	0.01086	-1.28126	0.02206	0.01086	0.00543	0.00543
ACA	ATA	CT	-8.92552	0.00789	0.00001	8.92552	0.00000	0.00000	0.00000	0.00000
ACA	ACT	AT	1.17811	0.00679	0.01156	-1.17811	0.02206	0.01156	0.01156	0.01156
ACA	ACC	AC	0.58811	0.00612	0.00810	-0.58811	0.01103	0.00810	0.00810	0.00810
ACG	TCG	AT	0.70810	0.02716	0.03790	-0.70810	0.05514	0.03790	0.01895	0.01895
ACG	CCG	AC	-0.79818	0.02450	0.01601	0.79818	0.01103	0.01601	0.00800	0.00800
ACG	ATG	CT	-0.53394	0.03154	0.02387	0.53394	0.01849	0.02387	0.01193	0.01193
ACG	ACT	GT	-0.91718	0.02716	0.01658	0.91718	0.01085	0.01658	0.01658	0.01658
ACG	ACC	GC	-1.50717	0.02450	0.01051	1.50717	0.00543	0.01051	0.01051	0.01051
ACG	ACA	GA	-2.09528	0.06404	0.01883	2.09528	0.00788	0.01883	0.01883	0.01883
AAT	TAT	AT	-0.13920	0.00951	0.00886	0.13920	0.00827	0.00886	0.00443	0.00443
AAT	CAT	AC	1.35025	0.00857	0.01563	-1.35025	0.03308	0.01563	0.00781	0.00781
AAT	ATT	AT	-1.23781	0.00951	0.00481	1.23781	0.00276	0.00481	0.00240	0.00240
AAT	ACT	AC	0.94479	0.00857	0.01325	-0.94479	0.02206	0.01325	0.00663	0.00663
AAC	TAC	AT	-0.30350	0.01494	0.01279	0.30350	0.01103	0.01279	0.00639	0.00639
AAC	CAC	AC	1.45788	0.01347	0.02560	-1.45788	0.05790	0.02560	0.01280	0.01280
AAC	ATC	AT	0.50743	0.01494	0.01905	-0.50743	0.02481	0.01905	0.00952	0.00952
AAC	ACC	AC	-0.20034	0.01347	0.01217	0.20034	0.01103	0.01217	0.00608	0.00608
AAC	AAT	CT	-0.55514	0.01735	0.01298	0.55514	0.00996	0.01298	0.01298	0.01298
AAA	CAA	AC	0.18265	0.01837	0.02010	-0.18265	0.02206	0.02010	0.01005	0.01005
AAA	ATA	AT	-9.21287	0.02037	0.00002	9.21287	0.00000	0.00000	0.00001	0.00000
AAA	ACA	AC	-0.28735	0.01837	0.01586	0.28735	0.01379	0.01586	0.00793	0.00793
AAA	AAT	AT	-0.05404	0.02037	0.01983	0.05404	0.01930	0.01983	0.00991	0.00991
AAA	AAC	AC	0.50110	0.01837	0.02336	-0.50110	0.03033	0.02336	0.01168	0.01168
AAG	CAG	AC	0.28063	0.02082	0.02388	-0.28063	0.02757	0.02388	0.01194	0.01194
AAG	ATG	AT	0.43984	0.02309	0.02854	-0.43984	0.03584	0.02854	0.01427	0.01427
AAG	ACG	AC	0.97378	0.02082	0.03258	-0.97378	0.05514	0.03258	0.01629	0.01629
AAG	AAT	GT	-0.88819	0.02309	0.01433	0.88819	0.00950	0.01433	0.00717	0.00717
AAG	AAC	GC	-0.33305	0.02082	0.01755	0.33305	0.01493	0.01755	0.00877	0.00877
AAG	AAA	GA	-0.83415	0.05443	0.03485	0.83415	0.02364	0.03485	0.03485	0.03485
AGT	TGT	AT	1.80671	0.01086	0.02349	-1.80671	0.06617	0.02349	0.01174	0.01174
AGT	CGT	AC	1.56503	0.00980	0.01939	-1.56503	0.04687	0.01939	0.00970	0.00970
AGT	ATT	GT	-2.08033	0.01086	0.00323	2.08033	0.00136	0.00323	0.00161	0.00161
AGT	ACT	GC	0.10227	0.00980	0.01031	-0.10227	0.01085	0.01031	0.00515	0.00515
AGT	AAT	GA	-0.84252	0.02562	0.01632	0.84252	0.01103	0.01632	0.00816	0.00816
AGC	TGC	AT	1.80671	0.01630	0.03523	-1.80671	0.09925	0.03523	0.01761	0.01761
AGC	CGC	AC	0.72425	0.01470	0.02066	-0.72425	0.03033	0.02066	0.01033	0.01033
AGC	ATC	GT	-0.28857	0.01630	0.01406	0.28857	0.01221	0.01406	0.00703	0.00703
AGC	ACC	GC	-0.99634	0.01470	0.00857	0.99634	0.00543	0.00857	0.00429	0.00429
AGC	AAC	GA	-0.79600	0.03842	0.02514	0.79600	0.01733	0.02514	0.01257	0.01257
AGC	AGT	CT	-0.50862	0.01893	0.01452	0.50862	0.01138	0.01452	0.01452	0.01452
AGA	CGA	AC	-0.28735	0.01470	0.01269	0.28735	0.01103	0.01269	0.01269	0.01269
AGA	ATA	GT	-9.69872	0.01630	0.00001	9.69872	0.00000	0.00000	0.00000	0.00000
AGA	ACA	GC	-0.77320	0.01470	0.00974	0.77320	0.00678	0.00974	0.00487	0.00487
AGA	AAA	GA	-0.48585	0.03842	0.02984	0.48585	0.02364	0.02984	0.01492	0.01492
AGA	AGT	AT	0.30264	0.01630	0.01889	-0.30264	0.02206	0.01889	0.00944	0.00944
AGA	AGC	AC	0.81126	0.01470	0.02146	-0.81126	0.03308	0.02146	0.01073	0.01073
AGG	TGG	AT	1.17811	0.01358	0.02312	-1.17811	0.04411	0.02312	0.01156	0.01156
AGG	CGG	AC	0.30043	0.01225	0.01418	-0.30043	0.01654	0.01418	0.01418	0.01418
AGG	ATG	GT	0.26148	0.01358	0.01543	-0.26148	0.01764	0.01543	0.00772	0.00772
AGG	ACG	GC	0.79541	0.01225	0.01776	-0.79541	0.02714	0.01776	0.00888	0.00888
AGG	AAG	GA	-0.17836	0.03202	0.02925	0.17836	0.02679	0.02925	0.01462	0.01462
AGG	AGT	GT	-0.22403	0.01358	0.01212	0.22403	0.01085	0.01212	0.00606	0.00606
AGG	AGC	GC	0.28459	0.01225	0.01408	-0.28459	0.01628	0.01408	0.00704	0.00704
AGG	AGA	GA	-0.52667	0.03202	0.02432	0.52667	0.01891	0.02432	0.02432	0.02432
GTT	TTT	GT	-0.34919	0.02309	0.01929	0.34919	0.01628	0.01929	0.00965	0.00965
GTT	CTT	GC	-0.02290	0.02082	0.02059	0.02290	0.02035	0.02059	0.01029	0.01029
GTT	ATT	GA	-3.54220	0.05443	0.00575	3.54220	0.00158	0.00575	0.00287	0.00287
GTC	TTC	GT	-0.44272	0.01901	0.01511	0.44272	0.01221	0.01511	0.00756	0.00756
GTC	CTC	GC	0.02816	0.01715	0.01739	-0.02816	0.01764	0.01739	0.00870	0.00870
GTC	ATC	GA	-1.15082	0.04483	0.02388	1.15082	0.01418	0.02388	0.01194	0.01194
GTC	GTT	CT	0.09100	0.02208	0.02310	-0.09100	0.02418	0.02310	0.02310	0.02310
GTA	TTA	GT	-0.69403	0.01086	0.00753	0.69403	0.00543	0.00753	0.00376	0.00376
GTA	CTA	GC	-0.87856	0.00980	0.00612	0.87856	0.00407	0.00612	0.00306	0.00306
GTA	ATA	GA	-10.00135	0.02562	0.00001	10.00135	0.00000	0.00000	0.00001	0.00000
GTA	GTT	AT	1.46187	0.01086	0.02067	-1.46187	0.04687	0.02067	0.02067	0.02067
GTA	GTC	AC	1.37087	0.00980	0.01801	-1.37087	0.03860	0.01801	0.01801	0.01801
GTG	TTG	GT	0.32454	0.01765	0.02067	-0.32454	0.02442	0.02067	0.01034	0.01034
GTG	CTG	GC	-0.85324	0.01592	0.01009	0.85324	0.00678	0.01009	0.00504	0.00504
GTG	ATG	GA	-0.70899	0.04163	0.02860	0.70899	0.02049	0.02860	0.01430	0.01430
GTG	GTT	GT	0.26738	0.01765	0.02012	-0.26738	0.02307	0.02012	0.02012	0.02012
GTG	GTC	GC	0.17638	0.01592	0.01737	-0.17638	0.01900	0.01737	0.01737	0.01737
GTG	GTA	GA	-1.19450	0.04163	0.02160	1.19450	0.01261	0.02160	0.02160	0.02160
GCT	TCT	GT	-0.72913	0.03938	0.02676	0.72913	0.01900	0.02676	0.01338	0.01338
GCT	CCT	GC	-1.31912	0.03552	0.01710	1.31912	0.00950	0.01710	0.00855	0.00855
GCT	ACT	GA	-1.99684	0.09286	0.02913	1.99684	0.01261	0.02913	0.01456	0.01456
GCT	GTT	CT	-0.63724	0.04574	0.03270	0.63724	0.02418	0.03270	0.01635	0.01635
GCC	TCC	GT	0.15326	0.02445	0.02637	-0.15326	0.02849	0.02637	0.01318	0.01318
GCC	CCC	GC	-1.68949	0.02205	0.00843	1.68949	0.00407	0.00843	0.00422	0.00422
GCC	ACC	GA	-2.21307	0.05764	0.01566	2.21307	0.00630	0.01566	0.00783	0.00783
GCC	GTC	CT	-0.35447	0.02839	0.02366	0.35447	0.01992	0.02366	0.01183	0.01183
GCC	GCT	CT	0.37377	0.02839	0.03403	-0.37377	0.04126	0.03403	0.03403	0.03403
GCA	TCA	GT	-0.28857	0.01630	0.01406	0.28857	0.01221	0.01406	0.00703	0.00703
GCA	CCA	GC	-0.30320	0.01470	0.01258	0.30320	0.01085	0.01258	0.00629	0.00629
GCA	ACA	GA	-1.58446	0.03842	0.01570	1.58446	0.00788	0.01570	0.00785	0.00785
GCA	GTA	CT	-0.50862	0.01893	0.01452	0.50862	0.01138	0.01452	0.00726	0.00726
GCA	GCT	AT	1.59049	0.01630	0.03256	-1.59049	0.07995	0.03256	0.03256	0.03256
GCA	GCC	AC	1.21672	0.01470	0.02541	-1.21672	0.04963	0.02541	0.02541	0.02541
GCG	TCG	GT	-0.22403	0.03395	0.03029	0.22403	0.02714	0.03029	0.01515	0.01515
GCG	CCG	GC	-1.73031	0.03062	0.01141	1.73031	0.00543	0.01141	0.00571	0.00571
GCG	ACG	GA	-0.93213	0.08005	0.04846	0.93213	0.03152	0.04846	0.02423	0.02423
GCG	GTG	CT	-0.75708	0.03943	0.02637	0.75708	0.01849	0.02637	0.01319	0.01319
GCG	GCT	GT	0.14753	0.03395	0.03652	-0.14753	0.03935	0.03652	0.03652	0.03652
GCG	GCC	GC	-0.22624	0.03062	0.02729	0.22624	0.02442	0.02729	0.02729	0.02729
GCG	GCA	GA	-1.44296	0.08005	0.03573	1.44296	0.01891	0.03573	0.03573	0.03573
GAT	TAT	GT	-2.23448	0.03803	0.01019	2.23448	0.00407	0.01019	0.00509	0.00509
GAT	CAT	GC	-0.74503	0.03430	0.02309	0.74503	0.01628	0.02309	0.01155	0.01155
GAT	AAT	GA	-2.09528	0.08966	0.02636	2.09528	0.01103	0.02636	0.01318	0.01318
GAT	GTT	AT	0.20911	0.03803	0.04214	-0.20911	0.04687	0.04214	0.02107	0.02107
GAT	GCT	AC	0.84635	0.03430	0.05084	-0.84635	0.07995	0.05084	0.02542	0.02542
GAC	TAC	GT	-1.61033	0.02716	0.01092	1.61033	0.00543	0.01092	0.00546	0.00546
GAC	CAC	GC	0.15106	0.02450	0.02640	-0.15106	0.02849	0.02640	0.01320	0.01320
GAC	AAC	GA	-1.30683	0.06404	0.03106	1.30683	0.01733	0.03106	0.01553	0.01553
GAC	GTC	AT	0.35143	0.02716	0.03221	-0.35143	0.03860	0.03221	0.01611	0.01611
GAC	GCC	AC	0.70590	0.02450	0.03415	-0.70590	0.04963	0.03415	0.01708	0.01708
GAC	GAT	CT	0.23332	0.03154	0.03537	-0.23332	0.03983	0.03537	0.03537	0.03537
GAA	CAA	GC	-0.52634	0.01837	0.01396	0.52634	0.01085	0.01396	0.00698	0.00698
GAA	AAA	GA	-0.70899	0.04803	0.03300	0.70899	0.02364	0.03300	0.01650	0.01650
GAA	GTA	AT	0.07949	0.02037	0.02119	-0.07949	0.02206	0.02119	0.01060	0.01060
GAA	GCA	AC	0.58811	0.01837	0.02430	-0.58811	0.03308	0.02430	0.01215	0.01215
GAA	GAT	AT	1.33226	0.02037	0.03687	-1.33226	0.07720	0.03687	0.01843	0.01843
GAA	GAC	AC	1.09894	0.01837	0.03028	-1.09894	0.05514	0.03028	0.01514	0.01514
GAG	CAG	GC	-0.42836	0.02082	0.01668	0.42836	0.01357	0.01668	0.00834	0.00834
GAG	AAG	GA	-0.70899	0.05443	0.03740	0.70899	0.02679	0.03740	0.01870	0.01870
GAG	GTG	AT	0.43984	0.02309	0.02854	-0.43984	0.03584	0.02854	0.01427	0.01427
GAG	GCG	AC	1.19692	0.02082	0.03572	-1.19692	0.06893	0.03572	0.01786	0.01786
GAG	GAT	GT	0.49810	0.02309	0.02931	-0.49810	0.03799	0.02931	0.01466	0.01466
GAG	GAC	GC	0.26479	0.02082	0.02370	-0.26479	0.02714	0.02370	0.01185	0.01185
GAG	GAA	GA	-0.83415	0.05443	0.03485	0.83415	0.02364	0.03485	0.03485	0.03485
GGT	TGT	GT	0.97994	0.01222	0.01917	-0.97994	0.03256	0.01917	0.00959	0.00959
GGT	CGT	GC	0.73826	0.01102	0.01559	-0.73826	0.02307	0.01559	0.00780	0.00780
GGT	AGT	GA	-0.82677	0.02882	0.01853	0.82677	0.01261	0.01853	0.00926	0.00926
GGT	GTT	GT	0.63510	0.01222	0.01651	-0.63510	0.02307	0.01651	0.00826	0.00826
GGT	GCT	GC	1.27234	0.01102	0.01949	-1.27234	0.03935	0.01949	0.00974	0.00974
GGT	GAT	GA	0.42599	0.02882	0.03539	-0.42599	0.04412	0.03539	0.01770	0.01770
GGC	TGC	GT	1.79087	0.00815	0.01751	-1.79087	0.04885	0.01751	0.00876	0.00876
GGC	CGC	GC	0.70840	0.00735	0.01026	-0.70840	0.01493	0.01026	0.00513	0.00513
GGC	AGC	GA	-0.01584	0.01921	0.01906	0.01584	0.01891	0.01906	0.00953	0.00953
GGC	GTC	GT	0.84641	0.00815	0.01208	-0.84641	0.01900	0.01208	0.00604	0.00604
GGC	GCC	GC	1.20088	0.00735	0.01263	-1.20088	0.02442	0.01263	0.00631	0.00631
GGC	GAC	GA	0.49498	0.01921	0.02436	-0.49498	0.03152	0.02436	0.01218	0.01218
GGC	GGT	CT	0.30231	0.00946	0.01097	-0.30231	0.01280	0.01097	0.01097	0.01097
GGA	CGA	GC	-1.15050	0.01715	0.00914	1.15050	0.00543	0.00914	0.00457	0.00457
GGA	AGA	GA	-0.86314	0.04483	0.02823	0.86314	0.01891	0.02823	0.01412	0.01412
GGA	GTA	GT	-0.56050	0.01901	0.01418	0.56050	0.01085	0.01418	0.00709	0.00709
GGA	GCA	GC	-0.05188	0.01715	0.01671	0.05188	0.01628	0.01671	0.00835	0.00835
GGA	GAA	GA	-0.64000	0.04483	0.03200	0.64000	0.02364	0.03200	0.01600	0.01600
GGA	GGT	AT	0.26627	0.01901	0.02166	-0.26627	0.02481	0.02166	0.02166	0.02166
GGA	GGC	AC	-0.03604	0.01715	0.01684	0.03604	0.01654	0.01684	0.01684	0.01684
GGG	TGG	GT	1.67309	0.00407	0.00839	-1.67309	0.02171	0.00839	0.00420	0.00420
GGG	CGG	GC	0.79541	0.00367	0.00533	-0.79541	0.00814	0.00533	0.00266	0.00266
GGG	AGG	GA	0.49498	0.00961	0.01218	-0.49498	0.01576	0.01218	0.00609	0.00609
GGG	GTG	GT	1.46545	0.00407	0.00776	-1.46545	0.01764	0.00776	0.00388	0.00388
GGG	GCG	GC	2.22253	0.00367	0.00916	-2.22253	0.03392	0.00916	0.00458	0.00458
GGG	GAG	GA	1.02561	0.00961	0.01536	-1.02561	0.02679	0.01536	0.00768	0.00768
GGG	GGT	GT	1.09772	0.00407	0.00671	-1.09772	0.01221	0.00671	0.00671	0.00671
GGG	GGC	GC	0.79541	0.00367	0.00533	-0.79541	0.00814	0.00533	0.00533	0.00533
GGG	GGA	GA	0.83146	0.00961	0.01415	-0.83146	0.02206	0.01415	0.01415	0.01415


Histograms
2Ns	FMut	FSub(CodonUsage)	FSubw(after w)

-9.98749	0.00964	0.00000	0.00000
-8.98874	0.00423	0.00000	0.00000
-7.98999	0.00025	0.00000	0.00000
-6.99124	0.00000	0.00000	0.00000
-5.99249	0.00000	0.00000	0.00000
-4.99374	0.00000	0.00000	0.00000
-3.99500	0.00852	0.00110	0.00088
-2.99625	0.02160	0.00450	0.00362
-1.99750	0.14877	0.06014	0.06344
-0.99875	0.33017	0.24259	0.24246
0.00000	0.32014	0.38332	0.37921
0.99875	0.13268	0.24259	0.24246
1.99750	0.02254	0.06014	0.06344
2.99625	0.00122	0.00450	0.00362
3.99500	0.00025	0.00110	0.00088
4.99374	0.00000	0.00000	0.00000
5.99249	0.00000	0.00000	0.00000
6.99124	0.00000	0.00000	0.00000
7.98999	0.00000	0.00000	0.00000
8.98874	0.00000	0.00000	0.00000
9.98749	0.00000	0.00000	0.00000

Proportion of advantageous (S > 0) mutations:
 0.29661

Proportions of good & bad mutations (|S| > 2.0000) among mutations:
0.00812  0.10560

mean |Ns| = 1.07486	mean Ns+ = 0.66226	mean Ns- = -1.24885
